0.2052323567714762 0.0 0.0 0.0 0.0 0.0
0.20311614635574343 0.0195593567264145 0.18656634026175375 -0.0015044818395076706 -0.16700732216471678 0.19860239272780308
0.18760023205468893 0.01806522980348996 0.1723146552091396 -0.0013895554207659058 -0.15424973816734275 0.18343128121925809
0.18398714644254632 0.017717302611885904 0.16899596207812062 -0.0013627932859697153 -0.1512789662042949 0.17989848749223827
0.17290365856694392 0.016650002463565516 0.1588155514737118 -0.0012806978616205253 -0.14216583727013796 0.1690613027023655
0.16543998333768548 0.015931277296125874 0.15196001291900615 -0.00122541439922785 -0.1360290114396437 0.1617634891820254
0.17418556996184 0.01677344593526515 0.15999301334356644 -0.001290192982752358 -0.14321985780545776 0.17031472678932075
0.2042462795911177 0.01966818450547402 0.1876043907836587 -0.0015128527394058368 -0.1679365467916851 0.1997074115491642
0.14532880626553393 0.013994643042277618 0.13348748489981133 -0.001076450856845639 -0.11949308414553193 0.14209923324392007
0.16053341486050757 0.0154587923417314 0.1474532292858252 -0.001189071433389546 -0.13199470458076745 0.15696595704520222
0.14046885319818594 0.013526646984733274 0.1290235184752466 -0.0010404531714726336 -0.11549710567612627 0.1373472806048035
0.1521076396175428 0.014647420392083482 0.1397139821646493 -0.0011266616936212541 -0.12506681536203826 0.1487274238027104
0.12231704655341273 0.011778693078734024 0.11235071232165256 -0.0009060026910883993 -0.10057222316636284 0.119598852935884
0.12984200967844806 0.012503320050821989 0.11926254506380997 -0.000961740113089226 -0.10675944148185004 0.12695659238023538
0.13782990966820294 0.01327252618336038 0.12659959479719413 -0.0010209065096854137 -0.11332729839987098 0.13476698106321588
0.14630922646831257 0.014089053993015065 0.1343880209351431 -0.001083712831910715 -0.12029921086464665 0.14305786603428833
0.10251920719429294 0.009872232123343792 0.09416599140905746 -0.0007593600419851406 -0.08429393020279213 0.100240971555685
0.10668189810840259 0.010273084335196345 0.09798950826589076 -0.0007901931047233151 -0.08771660178767285 0.10431115696711815
0.1110136109660157 0.010690212754278202 0.10196827523941397 -0.0008222781134495266 -0.09127824756381334 0.10854660822774641
0.11552120873581545 0.011124278259853439 0.10610859610691781 -0.0008556659021909256 -0.09498451044070343 0.11295403579368071
0.12021183305054595 0.011575968565559001 0.11041703060432564 -0.0008904093690398878 -0.09884126245245148 0.11754042259256875
0.12509291552182278 0.012045999308954286 0.11490040481916922 -0.0009265635599647185 -0.10285461406151168 0.12231303508695208
0.1301721895146337 0.012535115185358223 0.11956582200542652 -0.0009641857560192077 -0.10703092383940517 0.12727943478675724
0.06705992833157788 0.006457630689722251 0.061595917564974824 -0.0004967130685752567 -0.05513839867561105 0.06556968740181061
0.06840783289108097 0.006587429066589014 0.06283399550800887 -0.0005066970012539298 -0.05624668048900129 0.06688763811862322
-0.20116650711572012 -0.019371613457019883 -0.18477555669100523 0.0014900408564406744 0.1654042786130128 -0.19669607939444378
-0.1276072831238276 -0.012288123895061457 -0.11720990295602444 0.000945187487519472 0.10492199180410945 -0.1247715270921309
-0.1226280908948362 -0.011808645533731585 -0.11263641291948576 0.0009083065973580386 0.10082797182777235 -0.11990298508670791
-0.1178431850314212 -0.011347876252875474 -0.1082413788886574 0.0008728647868247687 0.09689369910056636 -0.11522441191317696
-0.1132449845464163 -0.010905086030635343 -0.1040178375717357 0.0008388059035297411 0.0931129403398409 -0.11072839505306908
-0.10882620426038256 -0.010479573330336955 -0.09995909738203493 0.0008060759861285451 0.0894797054836056 -0.10640781122219502
-0.10457984325891193 -0.010070663989025012 -0.09605872783637075 0.0007746231788288764 0.08598823819987148 -0.10225581508393257
-0.10049917380088175 -0.009677710149334376 -0.09231054936679317 0.0007443976492354844 0.08263300676675298 -0.09826582840472436
-0.1462778785936938 -0.014086035305070086 -0.13435922727027896 0.0010834806381192943 0.12027343583546642 -0.14302721478859556
-0.12028933925575681 -0.01158343213526629 -0.11048822164115712 0.0008909834577097923 0.09890499004882873 -0.1176162064142287
-0.13925525164164923 -0.013409781505580446 -0.12790880059093362 0.0010314640214961707 0.11449925124765163 -0.13616064833914981
-0.11990691751143273 -0.011546606292257861 -0.11013695943696886 0.0008881508588260671 0.09859055305007991 -0.1172422830466364
-0.149110518201698 -0.014358808344362664 -0.13696106476290829 0.0011044620072751653 0.12260250501131718 -0.14579690599226786
-0.1377010618549026 -0.013260118600856612 -0.12648124544186534 0.0010199521335873165 0.11322135641222912 -0.1346409965736805
-0.15737027238555099 -0.01515419306120017 -0.14454781814119386 0.0011656420286145627 0.12939388744316918 -0.15387310758277753
-0.16925029292566476 -0.016298196449560317 -0.15545986031099276 0.0012536373725407447 0.13916194603065063 -0.16548912407017358
-0.1502010413327819 -0.01446382181237877 -0.1379627325928201 0.0011125395150247297 0.12349916119126977 -0.1468631949458732
-0.15395553759450858 -0.014825366342583857 -0.1414113143015643 0.001140349078880445 0.12658620462921133 -0.15053425682077046
-0.17903296848864703 -0.017240233035563827 -0.1644454481655418 0.001326097676610346 0.14720551360858447 -0.17505440388148968
-0.16831952595364616 -0.016208566926934894 -0.15460493178501586 0.0012467431790884587 0.13839664547552916 -0.1645790410903771
-0.18482555533388256 -0.017798038382441258 -0.1697660578154899 0.001369003382871145 0.15196832756888096 -0.18071826482108835
-0.20410695438998908 -0.019654767988083993 -0.1874764177330258 0.0015118207572682512 0.16782199002616988 -0.19957118250579126
-0.1983638029873187 -0.019101723097098584 -0.18220121554950738 0.0014692812194625582 0.16309982315881494 -0.19395565842840506
-0.20449910351713113 -0.019692530543180212 -0.187836614737555 0.001514725406902258 0.1681444251293789 -0.19995461708918136
0.0 0.0 0.0 0.0 0.0 0.0
0.007594187989072781 -0.02277635158299224 -0.20498665102728716 -7.067728412666951e-07 0.17462025617940394 -1.2870035341118777e-07
0.007707378418369489 -0.023115830276067076 -0.2080419516154817 -7.173072027208697e-07 0.1772229494218241 -1.3061861620297175e-07
-0.002066243094469433 0.006197039004487364 0.055773211402475174 1.923002834587212e-07 -0.04751105700903041 3.501707053802222e-08
-0.006775561833983848 0.020321142790390136 0.18288982721709485 6.3058527064767e-07 -0.1557968205305481 1.1482691814413858e-07
-0.007523756344541219 0.02256511426562177 0.203085519930765 7.002179372009195e-07 -0.17300075560489425 1.2750673303260538e-07
-0.007641099333986893 0.022917047242163903 0.20625290878953462 7.111387674843081e-07 -0.17569893254064356 1.29495370163226e-07
0.0 0.0 0.0 0.0 0.0 0.0
-0.0075949298734332305 0.02277668542181453 0.2049868624659446 1.829519117875948e-08 -0.17461954541043925 -1.0262964567435581e-07
-0.007708126402754328 0.023116154223015942 0.2080420323984724 1.8567866801805175e-08 -0.17722211407436508 -1.0415926081104477e-07
0.0020664684886082655 -0.0061972004328547815 -0.05577390429191601 -4.977851854629101e-09 0.04751140485814457 2.792401408800538e-08
0.006776198410971631 -0.020321364664934127 -0.1828893320755812 -1.6322974352735325e-08 0.1557956038902836 9.156619659786436e-08
0.007524490213969133 -0.022565441606327567 -0.20308569879133373 -1.812551129326678e-08 0.1730000253464841 1.0167780050756348e-07
0.007641847951525477 -0.02291738959198752 -0.20625317957247344 -1.8408210694727866e-08 0.1756982668213019 1.0326364569948407e-07
0.0 0.0 0.0 0.0 0.0 0.0
-0.11676948906300189 0.003151333200833205 0.004881024733400617 0.002380370848113919 0.0009980971900469839 -0.20782422504476147
-0.11408212058771543 0.003078807461729486 0.004768691348185993 0.00232558827067819 0.0009751266782716308 -0.2030412952292062
-0.09665054858018808 0.002608370431895878 0.004040042667840325 0.0019702419710885474 0.000826128826359045 -0.17201689859232672
-0.09980218782944628 0.0026934257445710573 0.004171782810326604 0.0020344888069094963 0.0008530677322722895 -0.17762612913581252
-0.09590471673689328 0.002588242188902474 0.004008866512971384 0.001955038030473247 0.000819753764918002 -0.1706894805648007
-0.11570696865495365 0.003122658280138559 0.004836610833570276 0.0023587111438099213 0.0009890152060329231 -0.20593317043650264
0.04236015951322694 -0.0011432008321505727 -0.0017706764665588433 -0.0008635208532285396 -0.0003620770846853879 0.0753918458858629
0.09415472272817134 -0.002541013976591542 -0.00393571586285316 -0.0019193640307312095 -0.0008047955415351297 0.1675748728739353
0.092146247772535 -0.0024868099729463537 -0.003851760576121764 -0.0018784208419587662 -0.0007876279301448113 0.16400022546794632
0.09960841060970545 -0.002688196154281994 -0.004163682822821523 -0.0020305386171071836 -0.0008514114049209291 0.17728124794425765
0.0979879414719911 -0.002644463512856311 -0.004095946378951383 -0.001997505009384516 -0.000837560306431666 0.17439716627654764
0.11238915595741032 -0.0030331183378829022 -0.0046979245554257965 -0.0022910768269338118 -0.0009606559183674199 0.20002818739475245
0.11532037395438745 -0.0031122250006496055 -0.004820450976133077 -0.002350830328687212 -0.0009857107547757197 0.2052451161793781
0.11597643907719668 -0.0031299306515007812 -0.004847874835881752 -0.002364204355629796 -0.0009913185274987414 0.2064127690210658
0.0 0.0 0.0 0.0 0.0 0.0
-0.12532589029621635 0.05824508405366164 -0.09114828503877824 0.004920355763679779 0.14903424149367728 0.20002710974275412
-0.12852422302045408 0.05973150603649869 -0.09347440091242523 0.005045923871089169 0.15283761436798654 0.20513182712647837
-0.10901765246693801 0.0506658465881376 -0.07928746436852298 0.004280086368353023 0.1296409154280068 0.17399825273422018
-0.1304013741925624 0.06060391019450503 -0.09483963446226595 0.0051196217444264966 0.15506987300538286 0.20812786507695635
-0.10058646135144536 0.04674745882298263 -0.07315554215203322 0.003949073680537964 0.11961476544563115 0.1605416015463964
-0.09729825191781247 0.045219266727987435 -0.07076405983325447 0.0038199769695491225 0.11570451356028266 0.1552934359224756
-0.09627214340888023 0.044742383809307174 -0.07001778122609867 0.003779691447506015 0.1144842923995967 0.1536557095210187
-0.09375931054381978 0.04357454721072433 -0.06819022264505413 0.003681036399921524 0.11149609786805742 0.14964508813962193
-0.09826164018951837 0.04566700047820259 -0.07146472262995147 0.003857800064394743 0.11685014946996457 0.1568310573276893
-0.08746605239757464 0.040649761686894575 -0.06361319800966034 0.0034339600063767435 0.10401232135442172 0.1396006971931012
-0.08137542708825787 0.03781914957439957 -0.059183546239809454 0.003194839077138915 0.09676951046312732 0.12987971955412692
0.011048103845671061 -0.005134595378520201 0.008035177057828625 -0.00043375396182109607 -0.013138113542932912 -0.017633389837975882
0.0928469771135582 -0.04315054114776162 0.06752669153143749 -0.003645217743126486 -0.11041117502851479 -0.14818895310841954
0.09055841844785671 -0.04208693576240681 0.06586224536557247 -0.003555367810326862 -0.10768968145642738 -0.14453628585591605
0.10832586187478384 -0.05034433759192937 0.07878433188781779 -0.004252926331273944 -0.1288182563116037 -0.17289411637125332
0.08830865565202403 -0.041041360719331024 0.06422601505352314 -0.0034670410223559263 -0.10501432290900367 -0.14094553897517398
0.09603850049072556 -0.04463379849325514 0.06984785503406221 -0.003770518512239054 -0.11420645040698403 -0.1532828023944798
0.09958547044288238 -0.04628224928433267 0.07242753132808936 -0.003909774287773141 -0.11842441347248664 -0.15894396423581342
0.10478344545150131 -0.04869800304892277 0.0762079673304818 -0.004113849329511314 -0.12460570818246991 -0.16724022221595436
0.1053772852726225 -0.04897398952078925 0.07663986118063261 -0.00413716377140099 -0.12531188682680244 -0.16818802368608768
0.10897388191836008 -0.05064550426880959 0.0792556304798679 -0.00427836791520304 -0.12958886464670694 -0.17392839249781505
0.12702454086095336 -0.0590345302302395 0.09238369685583911 -0.004987045615847777 -0.15105423191927939 -0.20273825076975516
0.12924202147759448 -0.060065102162334204 0.0939964486570491 -0.005074104989670407 -0.15369120135110964 -0.20627747349228184
0.13110831750347957 -0.060932461401831485 0.09535378736601235 -0.005147376684656894 -0.15591055133508386 -0.20925618602406573
0.0 0.0 0.0 0.0 0.0 0.0
-0.013702950887602053 0.12332385696508004 -0.06850721287862664 -0.041108209870498194 0.205538256382563 -2.861425964745253e-08
0.0019662152029181206 -0.017695549260607544 0.00982999388791371 0.005898553375481658 -0.029492366118479676 4.105815550412084e-09
0.01354432898419727 -0.12189629110080369 0.06771419066079343 0.04063235160108609 -0.2031589973662172 2.8283027419008135e-08
0.0136774409567384 -0.12309427261564135 0.06837967726396567 0.041031681274556024 -0.20515561860235051 2.8560987093204904e-08
0.0 0.0 0.0 0.0 0.0 0.0
0.013703600347255826 -0.12332402834193666 0.06850757771331617 0.0411074550481808 -0.2055375517601994 -3.29683229891749e-07
-0.0019663142654476684 0.017695626700752996 -0.009830075595861758 -0.0058984626834739035 0.029492353094813614 4.730588151624997e-08
-0.013544973450481638 0.12189648321380057 -0.06771456389338416 -0.0406316130896179 0.20315833876651818 3.2586695834920153e-07
-0.013678113988994982 0.12309466669325625 -0.06838016530891748 -0.04103100219637537 0.20515528698689356 3.2907007534136145e-07
0.0 0.0 0.0 0.0 0.0 0.0
-0.057965103456347866 -0.06293338140621396 -0.14739671146545363 -0.0033122934597935257 0.08280719898007238 -0.2086737282655669
-0.05655662966274857 -0.06140418516282068 -0.1438151702797579 -0.0032318091984597118 0.08079509578814523 -0.20360323826124366
-0.049739750231136116 -0.054003020536368344 -0.12648085099517814 -0.002842273015287921 0.07105670738103055 -0.17906254806472666
-0.058227962396974885 -0.06321877038993116 -0.14806512299441435 -0.0033273139790021143 0.08318271133668188 -0.20962001753061993
-0.04571128666178808 -0.049629271173848175 -0.11623706211231959 -0.0026120749695998026 0.06530176579583849 -0.16456012398416056
-0.04190361857026879 -0.04549524200830519 -0.10655472357452445 -0.0023944938153438685 0.05986224597263363 -0.15085256117002716
-0.04310235869367208 -0.046796727986848946 -0.10960294296094895 -0.0024629932888884745 0.06157472996740519 -0.1551680122924758
-0.04002455801128848 -0.04345512428588307 -0.10177654962982101 -0.002287118866815675 0.05717787671726315 -0.1440879640400464
-0.042121665077442944 -0.04573197761614962 -0.10710918369255107 -0.0024069536226512442 0.06017374063804047 -0.15163752617269086
-0.039082520434662225 -0.04243234322324337 -0.0993810869705208 -0.002233288118350178 0.05583211024048271 -0.1406966392332318
-0.0421429666056337 -0.045755104931006166 -0.10716335033797353 -0.0024081708535075796 0.060204171358921435 -0.15171421143744057
-0.0326751254103465 -0.03547576054088447 -0.08308802615753992 -0.0018671510571206006 0.04667869891047436 -0.117630088352325
-0.035963630850955254 -0.039046128828185006 -0.09145021062164935 -0.00205506575775815 0.05137655862484538 -0.12946867139272694
-0.03207174694145358 -0.03482066557769264 -0.08155372367586673 -0.0018326722683818025 0.04581673062344983 -0.11545793256977131
-0.03285557535252853 -0.03567167712447241 -0.08354688375421442 -0.0018774624880966563 0.04693648425678116 -0.11827970613880605
-0.027836254201180296 -0.03022214225637403 -0.07078349013661676 -0.0015906439778056408 0.0397660334072012 -0.10021020577462926
0.05457013746468564 0.05924742767070279 0.13876381351704398 0.0031182952957279613 -0.07795725293255266 0.19645188842448763
0.03798274979123186 0.04123830955064704 0.09658453237918153 0.0021704440467913123 -0.05426101106058454 0.13673747713886708
0.03379029627448704 0.03668651441074172 0.08592374123948315 0.0019308751417783088 -0.04827179838132074 0.12164469107012399
0.04193302858149607 0.045527172796717266 0.10662950889673113 0.0023961743883442687 -0.05990426022787237 0.15095843688361477
0.03901272470963007 0.04235656519954077 0.09920360673275794 0.0022292997889971386 -0.05573240217225306 0.14044537539879215
0.04538158564440668 0.04927131097641894 0.11539868103764754 0.0025932349010336898 -0.06483076486385565 0.1633732039856176
0.044451512235283736 0.048261519548443405 0.11303364149225976 0.002540087819660933 -0.06350209003601529 0.16002495004886919
0.045403571451681564 0.049295181220972165 0.11545458770387472 0.0025944912335736266 -0.06486217312519661 0.16345235264746538
0.04226872450855406 0.04589164173672612 0.10748313414280183 0.0024153570233672594 -0.06038382530705414 0.1521669384903701
0.04796423967720346 0.05207532824878807 0.1219659894454363 0.0027408152131810576 -0.06852026654052824 0.17267072980215795
0.04582440772217986 0.049752088013881215 0.1165247122898281 0.002618539033772187 -0.0654633671317794 0.1649673585444349
0.047318840150033584 0.05137461053794733 0.12032483360832917 0.0027039352197828826 -0.0675982682366936 0.17034729867679457
0.055892428726892325 0.06068305454570698 0.14212620523251904 0.0031938548382558357 -0.07984623835878801 0.20121212227355537
0.04969595932105051 0.05395547624019229 0.1263694971675485 0.002839770676183627 -0.07099414900730329 0.1789049012750732
0.055068776517751744 0.059788805842037766 0.14003177910749795 0.00314678897167751 -0.07866959364833521 0.19824698347405528
0.057423796110322986 0.062345677777063055 0.14602024669719332 0.003281361594325119 -0.08203390362754258 0.20672502783552693
