-0.012715971591508415 0.0 0.0 0.0 0.0 0.0
0.012715971591508415 -0.0086173729116184 -0.015407295202980535 -0.016398135083222493 0.008341346913687316 -0.019931683691315014
0.8897029365736099 0.0 0.0 0.0 0.0 0.0
0.903768382248966 0.22761618135576206 0.9974934023423729 0.006693970481920145 -0.7497947711440339 0.314645475912175
0.8310225289066153 0.20929496800898875 0.9172034628158431 0.006155161419199874 -0.6894425154889143 0.28931912671130783
0.8296672742077639 0.2089536439425828 0.9157076618483013 0.006145123410427073 -0.688318153421452 0.2888472970167993
0.7745449165236616 0.19507094920595058 0.8548688571374835 0.005736846862498846 -0.6425869059287919 0.26965653884515356
0.738603463434565 0.1860190101636081 0.815200106790489 0.0054706381404622485 -0.6127687422014235 0.25714358106271423
0.8834786683206781 0.2225061694369284 0.9750995499169033 0.006543690002108917 -0.7329617841639219 0.3075816453771815
0.6840479619525085 0.17227907948756632 0.7549869439285234 0.005066560144683547 -0.567507776502867 0.23815017294553995
0.6360332513252029 0.16018646228990813 0.7019928826106016 0.0047109280358933105 -0.5276732573125418 0.2214339304072427
0.7025764019110399 0.17694551043677148 0.7754368700127934 0.005203795339667551 -0.5828795550151877 0.24460081884460702
0.6147636088493265 0.15482965307390842 0.6785174784511738 0.004553389487642605 -0.5100272906846477 0.2140289393600507
0.6657008962186084 0.16765832806114578 0.7347372014265455 0.004930668340029927 -0.5522864717711313 0.23176267218446958
0.5353220109006935 0.1348221007839343 0.5908374141982293 0.003964986836975313 -0.4441200339990113 0.1863714776865305
0.5682551016313281 0.14311637672850366 0.6271858209004362 0.004208913424316394 -0.47144236537560474 0.19783707906155942
0.6032142410634798 0.1519209177783127 0.6657703870570149 0.004467846412047566 -0.5004455706931059 0.21000804595985412
0.6403240720183739 0.16126711551946502 0.7067286815343939 0.004742708996178241 -0.5312330575697732 0.22292777257476062
0.4486765311753014 0.11300023401565416 0.4952063918407166 0.003323226962359466 -0.37223620965053905 0.15620599642019015
0.46689459753391305 0.11758849664761695 0.5153137571271758 0.003458163303171854 -0.3873504924294336 0.16254858626092056
0.4858523904411303 0.1223630611413706 0.5362375620745096 0.003598578600514679 -0.40307847569763255 0.16914871068295637
0.505579945761127 0.12733149209961148 0.5580109574074581 0.0037446953219965797 -0.41944507815554277 0.17601682662296772
0.5261085189346032 0.13250166127812305 0.5806684399022507 0.0038967449682978956 -0.43647623030353166 0.18316381561138975
0.5474706344985156 0.13788176005767946 0.6042459070426133 0.00405496843995675 -0.45419891552348446 0.19060100101208577
0.5697001376163993 0.1434803124218775 0.6287807138945076 0.004219616419043377 -0.472641212831329 0.19834016596316023
-0.287705690571738 -0.07245935123256168 -0.3175421200811749 -0.0021309590355165467 0.2386897203486929 -0.10016426300210024
-0.5584747942519327 -0.14065318343483613 -0.6163912497740373 -0.004136473305599917 0.46332831372552635 -0.19443208113241658
-0.5366833001651954 -0.13516494466981557 -0.5923398755444038 -0.003975069542161135 0.4452494025326942 -0.18684540830520785
-0.5157421026709166 -0.12989085509082587 -0.5692269776512443 -0.0038199636979682366 0.4278759242265022 -0.1795547648380717
-0.49561802348899303 -0.12482255867027152 -0.5470159370721878 -0.0036709100303854592 0.4111803530589142 -0.17254859976762738
-0.47627917894434624 -0.11995202543028516 -0.5256715636454452 -0.0035276723855651496 0.3951362373274919 -0.16581581284481844
-0.4576949294519412 -0.11527153871931123 -0.5051600403166071 -0.003390023824302368 0.37971815746438414 -0.1593457369482376
-0.6531945858659306 -0.1645085845414618 -0.7209339280333874 -0.00483803744700229 0.5419108420270069 -0.2274086208034661
-0.6153388473088494 -0.15497452822563274 -0.6791523718368514 -0.004557650124929358 0.5105045266640832 -0.21422920768370757
-0.5796770291741337 -0.14599301590074995 -0.6397922559004969 -0.004293512584145626 0.4809183569194798 -0.2018136043506674
-0.5460819833197832 -0.13753202500968867 -0.6027132462236088 -0.004044683072398063 0.4530468466825187 -0.1901175443880473
-0.6673937601175336 -0.16808467979439554 -0.736605623251654 -0.00494320692977429 0.5536909250852458 -0.23235203996672524
-0.6388083209878805 -0.16088537007648135 -0.7050557400129229 -0.004731482234040277 0.5299755426807112 -0.22240006634635787
-0.7166981875894608 -0.1805021151965562 -0.7910231511002153 -0.005308391625994629 0.5945954340709745 -0.2495172953033444
-0.6488175196768289 -0.1634062101819168 -0.7161029395509494 -0.004805617689415529 0.5382794897844728 -0.2258847524084673
-0.6977973259877602 -0.17574188898528367 -0.7701621815015929 -0.005168398003591311 0.5789146828106513 -0.2429369914217451
-0.9012365895539218 -0.2269785434426305 -0.9946990508702345 -0.006675218171151644 0.7476943160256497 -0.31376403644928674
-0.7534493930495978 -0.1897579922678577 -0.8315856289368048 -0.005580597967084613 0.6250853939195697 -0.26231216704202487
-0.8281769655266956 -0.20857830621484025 -0.9140628011672887 -0.006134085092960386 0.6870817463083526 -0.2883284485005175
-0.8124558820138659 -0.20461891455400555 -0.8967113675589872 -0.006017643235681399 0.6740390392982102 -0.2828551791309156
-0.8903738721005999 -0.22424274263962196 -0.9827098186686936 -0.006594760930763 0.7386822628194086 -0.3099821992330873
-0.8880757713890539 -0.22366396059921537 -0.9801733941348186 -0.006577739513960059 0.73677568594537 -0.30918211924989175
-0.8868891361042415 -0.22336510372670676 -0.9788636992054002 -0.0065689504240501306 0.7357912158651075 -0.30876899412706316
0.0 0.0 0.0 0.0 0.0 0.0
-0.2451815801234584 0.08172020385155666 -0.9807369490065773 -0.3269094452103464 0.653850184987628 -0.49037197287879886
0.037844666598699866 -0.012613810008013817 0.15138030694442425 0.05045965914621065 -0.10092414872240033 0.07569069345915538
0.24202461588138036 -0.08066797243479999 0.9681089551851709 0.32270015090523113 -0.6454311934277531 0.4840579309229335
0.2488866076885925 -0.08295510741872325 0.9955572198783179 0.33184949211432185 -0.6637307516991021 0.49778216117989704
0.0 0.0 0.0 0.0 0.0 0.0
0.24518172442708588 -0.08172632253580148 0.9807368396196505 0.32691507384660323 -0.6538457332433728 0.4903722349211709
-0.037844739671137544 0.012614771381817375 -0.15138049325679404 -0.05046059567944153 0.10092359704834818 -0.0756908355054742
-0.24202465156563313 0.08067397674801075 -0.9681084201571469 -0.3227055647159481 0.6454265142953276 -0.4840579760647851
-0.2488864776052096 0.08296122637645091 -0.9955560025567299 -0.3318548370432272 0.663725495137918 -0.49778187403693985
0.0 0.0 0.0 0.0 0.0 0.0
-1.0020649379307542 -0.4019213848314768 -0.4687817512526781 -0.020427585372557188 0.028988745634648663 -0.04717186228702062
-0.9331575590293976 -0.3742831070065402 -0.4365457947463535 -0.01902287464770753 0.02699532344841049 -0.04392807112632695
-0.9150665982580339 -0.3670269465214238 -0.4280825585316184 -0.01865408153696269 0.026471969880956566 -0.04307644537051939
-0.8237806426061184 -0.33041277480209963 -0.3853775515650822 -0.016793172546127808 0.023831157645898646 -0.038779190406533534
0.9821873722313307 0.3939486293436878 0.459482713130016 0.020022371443844705 -0.028413707357102226 0.04623613271872346
0.8966954517905739 0.3596584054721802 0.41948824703787546 0.018279576703342838 -0.02594051081897022 0.042211629969426095
0.9115696311750529 0.36562433697036695 0.4264466222851635 0.018582794147364152 -0.02637080608864637 0.042911826847877546
1.000665469587886 0.40136006766219423 0.46812705793315035 0.02039905652380892 -0.0289482604023253 0.04710598279613525
0.993043791519211 0.3983030647792969 0.4645615169614173 0.020243684877185253 -0.028727772808678456 0.04674719492257255
0.0 0.0 0.0 0.0 0.0 0.0
-0.6108179187488127 0.2838775784863742 -0.44424301824283796 0.023979682218703138 0.7263687954279702 0.9749001450233135
-0.5850411988644648 0.2718978499985787 -0.425495814714078 0.022967731631638923 0.6957157900105486 0.9337590337655485
-0.5613419865878331 0.2608836430039494 -0.4082595659587058 0.02203734049250646 0.6675333026512185 0.8959337428298331
-0.5316126470701933 0.2470669348602998 -0.38663765358148783 0.020870216719082988 0.6321799446840831 0.8484840257905295
-0.5201839419357688 0.24175544507061683 -0.37832564715901507 0.020421545013681132 0.6185892255401299 0.8302431622679416
-0.5476822143177696 0.2545352649428727 -0.3983249221386353 0.02150108085086608 0.6512894564491243 0.8741319692434858
-0.4722689653798211 0.21948696357975275 -0.3434774654817872 0.01854048377421703 0.5616099806037719 0.753768134015947
-0.6269999362156756 0.2913981697992904 -0.4560120709508901 0.02461496095660956 0.7456120300716316 1.0007275654230465
-0.6117093597713381 0.28429187562972696 -0.44489135621440745 0.02401467869110639 0.7274288739257632 0.9763229356053571
-0.45054611389424976 0.2093912701034261 -0.3276786082241963 0.017687681229433632 0.5357777301367296 0.719097227329017
-0.48787688062506007 0.22674074093145546 -0.3548289782062239 0.0191532242263063 0.5801705078048964 0.7786792546120063
0.4878768806250576 -0.226740740931439 0.3548289782061695 -0.019153224226303396 -0.5801705078048074 -0.7786792546118876
0.45054611389425553 -0.20939127010345807 0.3276786082242991 -0.017687681229438118 -0.5357777301368983 -0.719097227329176
0.4160717771359313 -0.1933693248747574 0.3026056970612569 -0.016334276859996024 -0.49478174476086123 -0.664074224771912
0.47550344215081103 -0.22099018639828985 0.3458298747336793 -0.018667463881925927 -0.5654563363243993 -0.7589305429373596
0.46754153144182786 -0.21728988903825547 0.3400392403467851 -0.01835489268387191 -0.5559882390182392 -0.7462228805283727
0.4976873143484625 -0.23130013921340414 0.3619640286916148 -0.019538365323011297 -0.5918368206413633 -0.7943372649060436
0.528755712488798 -0.2457391747439299 0.38455982776395725 -0.02075805828155473 -0.6287825523240479 -0.8439241956804178
0.5107492910646018 -0.2373706918389955 0.37146390055600464 -0.02005115651853202 -0.6073697839058516 -0.8151849227824588
0.5491816794619179 -0.2552321412477083 0.39941547122190507 -0.021559947325721137 -0.6530725814314665 -0.8765252009114541
0.5560965810315505 -0.2584458411946159 0.40444462418198535 -0.02183141470924599 -0.6612956026779654 -0.8875617771742765
0.5815362792075792 -0.2702689388706603 0.42294671450057936 -0.022830134391946626 -0.6915478306381803 -0.9281649826139634
0.5739502097052186 -0.26674331368111914 0.4174294264366799 -0.022532318086347904 -0.6825266739279491 -0.9160571841506271
0.6177596731310034 -0.28710375827576 0.44929170104011024 -0.024252203798401012 -0.73462374934137 -0.9859795799026536
0.0 0.0 0.0 0.0 0.0 0.0
-0.06491554132560547 0.5842277522709997 -0.3245397369405441 -0.19473678916846413 0.9737115782421093 4.135918549126348e-06
0.0073751038404593645 -0.06637455764044739 0.03687120543734043 0.022124194181349654 -0.11062411024463097 -4.698848404035163e-07
0.06552993066897178 -0.5897571416554944 0.32761132429548684 0.19657986411759734 -0.9829272145130037 -4.175062708286516e-06
0.06622044818395813 -0.5959716703715474 0.3310635079804905 0.19865131204805728 -0.993284748095779 -4.2190571684792746e-06
0.0 0.0 0.0 0.0 0.0 0.0
0.06491063645143959 -0.5842277382925022 0.3245405961882364 0.1947383906144943 -0.9737080043087873 -2.6525494703667323e-06
-0.007374544320411996 0.06637453558905904 -0.03687129168969201 -0.022124369301903084 0.11062367010207314 3.0135804262012943e-07
-0.06552498016086578 0.5897571346366414 -0.3276121956150802 -0.19658148308434775 0.9829236185742376 2.677654413283807e-06
-0.0662154415420303 0.5959716275633562 -0.33106436864153543 -0.19865293616969903 0.9932810547397097 2.7058698542233485e-06
0.0 0.0 0.0 0.0 0.0 0.0
-0.2795265475292188 -0.30348622515756213 -0.7107953019352383 -0.01597254757422405 0.3993236153764245 -1.0062939329423595
-0.26130926984033165 -0.2837074496268692 -0.6644714178184457 -0.014931586216061722 0.37329893452466456 -0.9407118400245582
-0.25660155489818387 -0.27859621189457623 -0.6525003843215772 -0.014662580636647705 0.3665736278678262 -0.9237640938223105
-0.26735717107898926 -0.2902737480098733 -0.6798503498913115 -0.01527717196136075 0.3819387929188412 -0.9624842490400979
-0.23392414702631661 -0.2539750051711913 -0.5948350386938958 -0.013366761047078152 0.33417733285110296 -0.8421255583843708
-0.2116880052870141 -0.22983288780103803 -0.5382917685781653 -0.01209615603679246 0.30241141798597326 -0.7620755784375931
-0.22936997665904013 -0.24903047311972132 -0.5832544466897133 -0.013106529224750108 0.32767137557382076 -0.8257305717518474
-0.21422879819799065 -0.23259146531816413 -0.544752634926164 -0.0122413405854713 0.30604112192678984 -0.7712224180267703
-0.20521904407039823 -0.22280943819427942 -0.5218421423018544 -0.011726510320844671 0.29317004537366 -0.7387873559691106
-0.20713956266953976 -0.22489457445463734 -0.5267257414075429 -0.011836251506298847 0.29591364320786173 -0.7457012116707373
-0.1940891761964361 -0.210725571322161 -0.49354050918007214 -0.011090533717966478 0.2772702350788581 -0.6987198968492854
-0.1787424396845342 -0.19406338601753595 -0.4545159932293349 -0.010213599197034014 0.25534632709106164 -0.6434717353459197
-0.2057816692832906 -0.22342028894723875 -0.5232728162811232 -0.011758659531926436 0.29397379562955606 -0.7408128034382133
-0.1542163576673973 -0.16743504565030165 -0.3921497384790587 -0.008812143717075744 0.22030906916807166 -0.5551779838189845
-0.1967161459994091 -0.21357771240196585 -0.5002205108142168 -0.011240642537773501 0.28102304885799195 -0.7081769727447326
-0.0696015526731264 -0.07556746460249572 -0.17698661212951244 -0.003977132480395837 0.09943078356927634 -0.2505651817239755
0.20467687177545918 0.2222207934854738 0.5204634771142959 0.011695529818810802 -0.2923955135702376 0.7368355388847534
0.1928148718228458 0.20934203967741702 0.49030013873935724 0.011017718139583112 -0.27544980036856875 0.6941324085723429
0.18164033128684376 0.19720967101647338 0.46188490954388955 0.010379188876770314 -0.25948617198887974 0.6539041281311045
0.16256235667069593 0.1764964237379077 0.4133723984874277 0.009289046062537411 -0.23223192417198116 0.5852235313193301
0.1787433628743507 0.1940643883387635 0.4545183407665509 0.010213651949421506 -0.25534764593358683 0.6434750588237272
0.1914630629395454 0.2078743602074101 0.4868626856178441 0.010940473842432324 -0.2735186449368344 0.6892659045147974
0.2721608912456839 0.29548922007502565 0.6920655106926007 0.015551663416909474 -0.38880124988820364 0.9797776134880923
0.20330532915325739 0.22073168879491578 0.5169758439685188 0.011617157907529622 -0.2904361670845678 0.7318979934825737
0.2293283796315218 0.24898531059411882 0.5831486715066571 0.013104152310976286 -0.3276119512523609 0.8255808226965641
0.2773148213143102 0.30108492035852463 0.7051712042721716 0.015846166368212847 -0.3961640066874956 0.9983317315304896
0.2465936125237327 0.2677304366053838 0.6270516443551252 0.014090712464881564 -0.35227656819040915 0.8877355599257805
0.2728616928494656 0.2962500910377026 0.6938475471108194 0.015591708225015941 -0.38980239497644165 0.9823004951546099
0.252388565729006 0.274022105460375 0.6417873664167492 0.01442184439699828 -0.360555072272845 0.9085973575034575
0.2606208045924381 0.2829599724334432 0.6627207509566614 0.01489224632501242 -0.3723154128009504 0.9382333691668857
0.2723509022775286 0.295695517942972 0.6925486810745789 0.015562520919613089 -0.3890726942031371 0.9804616520890831
0.27950431536830556 0.3034620873622313 0.7107387687877808 0.01597127719668407 -0.39929185514845594 1.0062138972933579
