0.0 0.0 0.0 0.0 0.0 0.0
0.2 0.01925931270398398 0.1837042004252629 -0.0014814849396695517 -0.16444514236967311 0.1955555366927116
0.2 0.01925931270398398 0.1837042004252629 -0.0014814849396695517 -0.16444514236967311 0.1955555366927116
0.2 0.01925931270398398 0.1837042004252629 -0.0014814849396695517 -0.16444514236967311 0.1955555366927116
0.2 0.01925931270398398 0.1837042004252629 -0.0014814849396695517 -0.16444514236967311 0.1955555366927116
0.2 0.01925931270398398 0.1837042004252629 -0.0014814849396695517 -0.16444514236967311 0.1955555366927116
0.2 0.01925931270398398 0.1837042004252629 -0.0014814849396695517 -0.16444514236967311 0.1955555366927116
0.2 0.01925931270398398 0.1837042004252629 -0.0014814849396695517 -0.16444514236967311 0.1955555366927116
0.2 0.01925931270398398 0.1837042004252629 -0.0014814849396695517 -0.16444514236967311 0.1955555366927116
0.2 0.01925931270398398 0.1837042004252629 -0.0014814849396695517 -0.16444514236967311 0.1955555366927116
0.2 0.01925931270398398 0.1837042004252629 -0.0014814849396695517 -0.16444514236967311 0.1955555366927116
0.2 0.01925931270398398 0.1837042004252629 -0.0014814849396695517 -0.16444514236967311 0.1955555366927116
0.2 0.01925931270398398 0.1837042004252629 -0.0014814849396695517 -0.16444514236967311 0.1955555366927116
0.2 0.01925931270398398 0.1837042004252629 -0.0014814849396695517 -0.16444514236967311 0.1955555366927116
0.2 0.01925931270398398 0.1837042004252629 -0.0014814849396695517 -0.16444514236967311 0.1955555366927116
0.2 0.01925931270398398 0.1837042004252629 -0.0014814849396695517 -0.16444514236967311 0.1955555366927116
0.2 0.01925931270398398 0.1837042004252629 -0.0014814849396695517 -0.16444514236967311 0.1955555366927116
0.2 0.01925931270398398 0.1837042004252629 -0.0014814849396695517 -0.16444514236967311 0.1955555366927116
0.2 0.01925931270398398 0.1837042004252629 -0.0014814849396695517 -0.16444514236967311 0.1955555366927116
0.2 0.01925931270398398 0.1837042004252629 -0.0014814849396695517 -0.16444514236967311 0.1955555366927116
0.2 0.01925931270398398 0.1837042004252629 -0.0014814849396695517 -0.16444514236967311 0.1955555366927116
0.2 0.01925931270398398 0.1837042004252629 -0.0014814849396695517 -0.16444514236967311 0.1955555366927116
0.2 0.01925931270398398 0.1837042004252629 -0.0014814849396695517 -0.16444514236967311 0.1955555366927116
0.2 0.01925931270398398 0.1837042004252629 -0.0014814849396695517 -0.16444514236967311 0.1955555366927116
0.2 0.01925931270398398 0.1837042004252629 -0.0014814849396695517 -0.16444514236967311 0.1955555366927116
0.2 0.01925931270398398 0.1837042004252629 -0.0014814849396695517 -0.16444514236967311 0.1955555366927116
0.2 0.01925931270398398 0.1837042004252629 -0.0014814849396695517 -0.16444514236967311 0.1955555366927116
0.2 0.01925931270398398 0.1837042004252629 -0.0014814849396695517 -0.16444514236967311 0.1955555366927116
0.2 0.01925931270398398 0.1837042004252629 -0.0014814849396695517 -0.16444514236967311 0.1955555366927116
0.2 0.01925931270398398 0.1837042004252629 -0.0014814849396695517 -0.16444514236967311 0.1955555366927116
0.2 0.01925931270398398 0.1837042004252629 -0.0014814849396695517 -0.16444514236967311 0.1955555366927116
0.2 0.01925931270398398 0.1837042004252629 -0.0014814849396695517 -0.16444514236967311 0.1955555366927116
0.2 0.01925931270398398 0.1837042004252629 -0.0014814849396695517 -0.16444514236967311 0.1955555366927116
0.2 0.01925931270398398 0.1837042004252629 -0.0014814849396695517 -0.16444514236967311 0.1955555366927116
0.2 0.01925931270398398 0.1837042004252629 -0.0014814849396695517 -0.16444514236967311 0.1955555366927116
-0.2 -0.01925931270398398 -0.1837042004252629 0.0014814849396695517 0.16444514236967311 -0.1955555366927116
-0.2 -0.01925931270398398 -0.1837042004252629 0.0014814849396695517 0.16444514236967311 -0.1955555366927116
-0.2 -0.01925931270398398 -0.1837042004252629 0.0014814849396695517 0.16444514236967311 -0.1955555366927116
-0.2 -0.01925931270398398 -0.1837042004252629 0.0014814849396695517 0.16444514236967311 -0.1955555366927116
-0.2 -0.01925931270398398 -0.1837042004252629 0.0014814849396695517 0.16444514236967311 -0.1955555366927116
-0.2 -0.01925931270398398 -0.1837042004252629 0.0014814849396695517 0.16444514236967311 -0.1955555366927116
-0.2 -0.01925931270398398 -0.1837042004252629 0.0014814849396695517 0.16444514236967311 -0.1955555366927116
-0.2 -0.01925931270398398 -0.1837042004252629 0.0014814849396695517 0.16444514236967311 -0.1955555366927116
-0.2 -0.01925931270398398 -0.1837042004252629 0.0014814849396695517 0.16444514236967311 -0.1955555366927116
-0.2 -0.01925931270398398 -0.1837042004252629 0.0014814849396695517 0.16444514236967311 -0.1955555366927116
-0.2 -0.01925931270398398 -0.1837042004252629 0.0014814849396695517 0.16444514236967311 -0.1955555366927116
-0.2 -0.01925931270398398 -0.1837042004252629 0.0014814849396695517 0.16444514236967311 -0.1955555366927116
-0.2 -0.01925931270398398 -0.1837042004252629 0.0014814849396695517 0.16444514236967311 -0.1955555366927116
-0.2 -0.01925931270398398 -0.1837042004252629 0.0014814849396695517 0.16444514236967311 -0.1955555366927116
-0.2 -0.01925931270398398 -0.1837042004252629 0.0014814849396695517 0.16444514236967311 -0.1955555366927116
-0.2 -0.01925931270398398 -0.1837042004252629 0.0014814849396695517 0.16444514236967311 -0.1955555366927116
-0.2 -0.01925931270398398 -0.1837042004252629 0.0014814849396695517 0.16444514236967311 -0.1955555366927116
-0.2 -0.01925931270398398 -0.1837042004252629 0.0014814849396695517 0.16444514236967311 -0.1955555366927116
-0.2 -0.01925931270398398 -0.1837042004252629 0.0014814849396695517 0.16444514236967311 -0.1955555366927116
-0.2 -0.01925931270398398 -0.1837042004252629 0.0014814849396695517 0.16444514236967311 -0.1955555366927116
-0.08214925396784034 -0.010618498858532416 -0.07866942704305435 0.0006030893439263165 0.06803728253736374 -0.07860882302840932
-0.12119246652635418 -0.021116652708569328 -0.12316337141236033 0.000881280250553465 0.10197012724091348 -0.11248268115369164
-0.10562175956328022 -0.01669430269272971 -0.11187007455069145 0.0007694178030846136 0.09485490947776036 -0.09987256992620817
-0.13345558961610327 -0.012909173830052863 -0.1474846519273751 0.0009728249328252894 0.13355389381104338 -0.13330381928024881
-0.18204820063498775 -0.014984034095483215 -0.22090093219642176 0.0013329310697453303 0.20359716626758873 -0.18638800262165137
-0.2341214214490985 -0.024791245366101645 -0.3205675871740717 0.0017498855424475685 0.29156929824003686 -0.24025546713431148
-0.2771577115428391 -0.04100368542812849 -0.4322778485174243 0.002150999232169976 0.3847189062435623 -0.2826777584695052
-0.3030314712992422 -0.05982476467358558 -0.5398735100231813 0.0024670505328866503 0.4708995716634192 -0.30694632825261087
-0.3077236938667572 -0.07631575564283347 -0.6271322446007147 0.0026253009431338047 0.5390950999862201 -0.31065243807617554
-0.2909555663141108 -0.0860181897181123 -0.6805017677768092 0.0025306894030411465 0.5804912638217365 -0.29457713248106665
-0.2555753130313316 -0.08637752813293857 -0.6917017679189271 0.0023210489090114863 0.589667696379158 -0.26147360059245506
-0.20689759959830917 -0.07747671470201048 -0.6594986228662985 0.0017014631525979994 0.5654774172796839 -0.216127451617786
-0.1515169422884552 -0.0617947372180899 -0.5890272991291255 0.001090118711209734 0.5108081216265563 -0.16353295065725318
-0.09649570173393361 -0.043213418225324866 -0.49031818207261946 0.00045058039139997353 0.431855670403075 -0.10976647665619209
-0.046474622194159584 -0.02572339075745029 -0.3742500705815322 -6.670981264333949e-05 0.33548126342716705 -0.0589331107692993
0.0011507666715981902 -0.012650194604091326 -0.24804221707039809 -0.00039859645950997204 0.22540684644438683 -0.008720772792702986
0.0033684905747843855 0.004317771079134777 -0.07034457415386879 -0.00036431979325880705 0.07123415081486943 -3.7300626409830716e-05
-0.01089498242814428 0.039214042965623204 0.3029744173167626 -0.00015445992382901117 -0.25283449004104736 -2.0833178338009147e-05
-0.015061810872651942 0.0384761769296278 0.39639916036933287 0.00018398566281399627 -0.3427601332851814 1.531290401146638e-05
-0.015863304018504356 0.03206178287658634 0.40556539880596887 0.00040418546257623024 -0.3575349626027178 4.460491105362527e-05
-0.013411130016516252 0.02601932021634717 0.3414526521381406 0.00036516050740086005 -0.30196449068526865 4.7294887073334654e-05
-0.007410236822001821 0.022222222222222223 0.2 -0.0 -0.1703717850776673 -0.0
-0.007410236822001821 0.022222222222222223 0.2 -0.0 -0.1703717850776673 -0.0
-0.007410236822001821 0.022222222222222223 0.2 -0.0 -0.1703717850776673 -0.0
-0.007410236822001821 0.022222222222222223 0.2 -0.0 -0.1703717850776673 -0.0
-0.007410236822001821 0.022222222222222223 0.2 -0.0 -0.1703717850776673 -0.0
-0.007410236822001821 0.022222222222222223 0.2 -0.0 -0.1703717850776673 -0.0
-0.007410236822001821 0.022222222222222223 0.2 -0.0 -0.1703717850776673 -0.0
-0.007410236822001821 0.022222222222222223 0.2 -0.0 -0.1703717850776673 -0.0
-0.007410236822001821 0.022222222222222223 0.2 -0.0 -0.1703717850776673 -0.0
-0.007410236822001821 0.022222222222222223 0.2 -0.0 -0.1703717850776673 -0.0
0.0 0.0 0.0 0.0 0.0 0.0
0.0 0.0 0.0 0.0 0.0 0.0
-0.0074102368220016375 0.022222222222222237 0.2 0.0 -0.17037178507766754 0.0
-0.0074102368220016375 0.022222222222222237 0.2 0.0 -0.17037178507766754 0.0
-0.0074102368220016375 0.022222222222222237 0.2 0.0 -0.17037178507766754 0.0
-0.0074102368220016375 0.022222222222222237 0.2 0.0 -0.17037178507766754 0.0
-0.0074102368220016375 0.022222222222222237 0.2 0.0 -0.17037178507766754 0.0
-0.0074102368220016375 0.022222222222222237 0.2 0.0 -0.17037178507766754 0.0
-0.0074102368220016375 0.022222222222222237 0.2 0.0 -0.17037178507766754 0.0
-0.0074102368220016375 0.022222222222222237 0.2 0.0 -0.17037178507766754 0.0
-0.0074102368220016375 0.022222222222222237 0.2 0.0 -0.17037178507766754 0.0
-0.0074102368220016375 0.022222222222222237 0.2 0.0 -0.17037178507766754 0.0
-0.004998019185512128 0.011438679294327389 0.12978001439823056 9.065359989207655e-05 -0.11333680173197885 1.375078326759649e-05
-0.01418949755938037 0.02543781899785047 0.3488279123746718 0.0004130543199455661 -0.30955285640736907 -0.0006937091361347569
-0.020934692919727344 0.031503766204227124 0.42087489110096293 0.0005388097028113237 -0.37258370555606124 -0.007813558782565616
-0.03164021006600855 0.038875821801784456 0.42011334406606593 0.0005023493871360314 -0.3646611849719608 -0.028091352080483755
-0.048629300902725006 0.04434945857609008 0.35802337408383794 0.00048287232768048953 -0.29975865442894994 -0.0643649864294549
-0.06966809020871848 0.03460838928741562 0.17092323159137607 0.0006873066698755119 -0.12948054432886041 -0.11580654576182044
-0.09110949090795933 -0.0048815124991853625 -0.2050646079228407 0.0013189695449587091 0.1936554299424708 -0.17871800634607937
-0.1263509061167679 -0.01854268325440778 -0.31798793545450016 0.0021750839257466546 0.2896395893760895 -0.24750122998562507
-0.1631584289541799 -0.03114343717406099 -0.39262977546115085 0.003175106997384618 0.3500799674256428 -0.3153681297754398
-0.19650652652614126 -0.04226328939359315 -0.44247425372483395 0.0041675296311397 0.3881576395025511 -0.375159710865436
-0.22203808473544187 -0.049037347608149894 -0.46164941919531116 0.004985855614408528 0.40081897141228856 -0.42000023433321554
-0.23580787439647913 -0.04974691734614627 -0.4485486998028383 0.005491414944342306 0.38801876227514115 -0.44387726307780134
-0.23487164871922295 -0.04433243051942857 -0.406286558459671 0.005597394480674353 0.35270092944788256 -0.44220866803614295
-0.21783789290630662 -0.03440946465034758 -0.34225522701314187 0.0052762967554146525 0.30037862646221497 -0.41246556686478986
-0.18532850372161183 -0.022769773125800034 -0.26672653118149536 0.004553479194964726 0.23827514497707492 -0.3549085285153564
-0.1403148812333384 -0.012525514493238993 -0.19082337353268888 0.0034982112261612544 0.17419006973053955 -0.27346014451259315
-0.0883314803505452 -0.006149849762090981 -0.12436238662076857 0.002224062437675828 0.11533691416731862 -0.17669842968897048
-0.037616830560210375 -0.004653637395129821 -0.07399276494193209 0.0009052004004003746 0.06733560235896428 -0.07890992407842691
0.0007204330078280928 -0.0070560610753389865 -0.041849581685715745 -0.00019426455432087374 0.03342041622629308 -0.0011016982278455616
0.012399427808378886 -0.010194756409201589 -0.024728380047678584 -0.0006860266980117034 0.013827434147040124 0.028135762414635564
-0.020511010764367992 -0.008754966000179538 -0.013560939987433655 -2.5041958160408582e-05 0.005265580076052592 -0.02805192949579813
-0.11237342748206819 0.0030327529973815963 0.004697374379031781 0.0022907148435192906 0.0009607370900953801 -0.2
-0.11237342748206819 0.0030327529973815963 0.004697374379031781 0.0022907148435192906 0.0009607370900953801 -0.2
-0.11237342748206819 0.0030327529973815963 0.004697374379031781 0.0022907148435192906 0.0009607370900953801 -0.2
-0.11237342748206819 0.0030327529973815963 0.004697374379031781 0.0022907148435192906 0.0009607370900953801 -0.2
-0.11237342748206819 0.0030327529973815963 0.004697374379031781 0.0022907148435192906 0.0009607370900953801 -0.2
-0.11237342748206819 0.0030327529973815963 0.004697374379031781 0.0022907148435192906 0.0009607370900953801 -0.2
-0.11237342748206819 0.0030327529973815963 0.004697374379031781 0.0022907148435192906 0.0009607370900953801 -0.2
0.11237342748206819 -0.0030327529973815963 -0.004697374379031781 -0.0022907148435192906 -0.0009607370900953801 0.2
0.11237342748206819 -0.0030327529973815963 -0.004697374379031781 -0.0022907148435192906 -0.0009607370900953801 0.2
0.11237342748206819 -0.0030327529973815963 -0.004697374379031781 -0.0022907148435192906 -0.0009607370900953801 0.2
0.11237342748206819 -0.0030327529973815963 -0.004697374379031781 -0.0022907148435192906 -0.0009607370900953801 0.2
0.11237342748206819 -0.0030327529973815963 -0.004697374379031781 -0.0022907148435192906 -0.0009607370900953801 0.2
0.11237342748206819 -0.0030327529973815963 -0.004697374379031781 -0.0022907148435192906 -0.0009607370900953801 0.2
0.11237342748206819 -0.0030327529973815963 -0.004697374379031781 -0.0022907148435192906 -0.0009607370900953801 0.2
0.11237342748206819 -0.0030327529973815963 -0.004697374379031781 -0.0022907148435192906 -0.0009607370900953801 0.2
0.03483375779224501 -0.0034258878133164566 -0.004879375271462528 -0.0007844308225472222 0.0007209550263573218 0.06348603851442425
0.012975888401078883 -0.010181431165914856 -0.014061865772552196 -0.0005565928593823273 0.00390467344995038 0.0292878446537026
-0.020174202422350847 -0.008658111423032201 -0.011837279171045283 0.00014288691199888443 0.0039686925466852945 -0.029550640130170384
-0.004086796195791609 -0.002851653619412287 -0.00393548859407563 1.6070115516336053e-06 0.0012966471957476418 -0.004444549287521138
0.04038634768714911 0.0030778093890709854 0.00401846844253484 -0.0006962307231762282 -0.0020084797705655125 0.07004703328128416
0.09689400402992623 0.006606987274299037 0.008627961126572633 -0.0017025054803978563 -0.004589962666301541 0.16675678371371067
0.15322312869294497 0.006826893553607599 0.008692658131259709 -0.00280255261152237 -0.005822935153587644 0.2651145341383625
0.18187576950272652 0.010977893932626059 -0.010217138402479621 -0.0030917620020398237 0.016098168519218532 0.3800927786073439
0.1760514548801995 0.023213931295720806 -0.04637449578739353 -0.002351641100178503 0.06368433774448515 0.505391171218761
0.16072983247732434 0.03520889604638203 -0.07632849614296336 -0.001530919936525437 0.10524597373855475 0.5932163971762218
0.1291206063840602 0.04882447276393068 -0.1046357452906486 -0.0003516159590566261 0.1471371359304637 0.652089619409492
0.08630948818530716 0.062367650547185315 -0.12794912085181187 0.0010306621039083994 0.18427924458111022 0.6780188759609711
0.038574324092602315 0.07398847854934108 -0.14341868943636912 0.0024256666804754446 0.21193328663027122 0.6697297486026664
-0.007414468005231685 0.08199884166623728 -0.14898365695721452 0.0036351624356761834 0.22630458076038562 0.6285900815575572
-0.0455709685767998 0.08504079294239153 -0.1438742765346376 0.004481642373742462 0.22519579354307365 0.5587150537886258
-0.07145835668904692 0.08219531870958793 -0.12913914607448607 0.004841574971334432 0.2086323699681312 0.4671643751271486
-0.08327468016700028 0.07321297632926202 -0.10790572506849093 0.004679484873948612 0.1793584437285829 0.3640517786730351
-0.08261408919554598 0.05902921127413795 -0.08514121301779422 0.004082703617933164 0.1431409525339414 0.2624187941032078
-0.07496711747339023 0.04260560390869644 -0.06688709092994594 0.0032940509469117077 0.10889220900876004 0.17783451920370172
-0.07005277195470618 0.029985355396265352 -0.05917676639785903 0.0027417103712232796 0.08869582802810279 0.1278201303010207
-0.0821249382092492 0.03140208951412091 -0.06690710480792264 0.0030679307909259297 0.09783235885478794 0.1312485727002487
-0.12530882031695922 0.0582372050087731 -0.09113599368618357 0.004919505887492866 0.14901381852005838 0.2
-0.12530882031695922 0.0582372050087731 -0.09113599368618357 0.004919505887492866 0.14901381852005838 0.2
-0.12530882031695922 0.0582372050087731 -0.09113599368618357 0.004919505887492866 0.14901381852005838 0.2
-0.12530882031695922 0.0582372050087731 -0.09113599368618357 0.004919505887492866 0.14901381852005838 0.2
-0.12530882031695922 0.0582372050087731 -0.09113599368618357 0.004919505887492866 0.14901381852005838 0.2
-0.12530882031695922 0.0582372050087731 -0.09113599368618357 0.004919505887492866 0.14901381852005838 0.2
-0.12530882031695922 0.0582372050087731 -0.09113599368618357 0.004919505887492866 0.14901381852005838 0.2
-0.12530882031695922 0.0582372050087731 -0.09113599368618357 0.004919505887492866 0.14901381852005838 0.2
-0.12530882031695922 0.0582372050087731 -0.09113599368618357 0.004919505887492866 0.14901381852005838 0.2
-0.12530882031695922 0.0582372050087731 -0.09113599368618357 0.004919505887492866 0.14901381852005838 0.2
-0.12530882031695922 0.0582372050087731 -0.09113599368618357 0.004919505887492866 0.14901381852005838 0.2
-0.12530882031695922 0.0582372050087731 -0.09113599368618357 0.004919505887492866 0.14901381852005838 0.2
0.12530882031695922 -0.0582372050087731 0.09113599368618357 -0.004919505887492866 -0.14901381852005838 -0.2
0.12530882031695922 -0.0582372050087731 0.09113599368618357 -0.004919505887492866 -0.14901381852005838 -0.2
0.12530882031695922 -0.0582372050087731 0.09113599368618357 -0.004919505887492866 -0.14901381852005838 -0.2
0.12530882031695922 -0.0582372050087731 0.09113599368618357 -0.004919505887492866 -0.14901381852005838 -0.2
0.12530882031695922 -0.0582372050087731 0.09113599368618357 -0.004919505887492866 -0.14901381852005838 -0.2
0.12530882031695922 -0.0582372050087731 0.09113599368618357 -0.004919505887492866 -0.14901381852005838 -0.2
0.12530882031695922 -0.0582372050087731 0.09113599368618357 -0.004919505887492866 -0.14901381852005838 -0.2
0.12530882031695922 -0.0582372050087731 0.09113599368618357 -0.004919505887492866 -0.14901381852005838 -0.2
0.12530882031695922 -0.0582372050087731 0.09113599368618357 -0.004919505887492866 -0.14901381852005838 -0.2
0.12530882031695922 -0.0582372050087731 0.09113599368618357 -0.004919505887492866 -0.14901381852005838 -0.2
0.12530882031695922 -0.0582372050087731 0.09113599368618357 -0.004919505887492866 -0.14901381852005838 -0.2
0.12530882031695922 -0.0582372050087731 0.09113599368618357 -0.004919505887492866 -0.14901381852005838 -0.2
0.04987398754958905 -0.02484180964660257 0.03349539182862599 -0.0020712816677615972 -0.058235687759747856 -0.07950340822281632
0.06879660209833105 -0.037347794394182454 0.0400849975542128 -0.0032385823495927057 -0.07730751554728688 -0.10953496373273808
0.057020916907447025 -0.026330255742268712 0.03203720803235443 -0.003937620289514607 -0.057612350670100385 -0.09180109525202095
0.07520253032222618 -0.01965959712639756 0.04602322560336353 -0.008082416420402867 -0.06316654690271428 -0.12375120270466777
0.10711288966847035 -0.011362741241227605 0.06381769290872975 -0.015967004057869386 -0.06988317110852017 -0.17941815086932603
0.14084429095923162 0.002806384184949328 0.07505787521091667 -0.027189244840784846 -0.06344213377455163 -0.23946425045160666
0.16822602871668751 0.025022027999156142 0.07517914365977468 -0.04073457459813632 -0.03741600388521364 -0.29043672865118625
0.1843148479556911 0.055252818687490116 0.0636213643732564 -0.05517345043138114 0.008465910057409156 -0.32395397199227494
0.18693287535980224 0.09142352669688784 0.04241180167197115 -0.06893485766821635 0.06988428918415253 -0.3358537064475087
0.17621690255043013 0.12987754166045032 0.015161310360189976 -0.08057695148301695 0.13932610811455695 -0.32537760501543117
0.15414760173230238 0.1660232541175185 -0.013659732196224095 -0.08897910951306057 0.2073823542487171 -0.29446231884318125
0.12404023404972607 0.1949993095083733 -0.03937859373508643 -0.0934133427460246 0.2640504899786231 -0.24715914708370762
0.09299440926238219 0.18641512721912726 -0.0413955819636748 -0.08535578824584085 0.25481384103923094 -0.18806978339207606
0.07609213769178497 0.04202318555678681 0.039873353154405024 -0.03471474477251089 0.010656705735085372 -0.12126280868649499
0.05356940841085898 -0.037822345425390376 0.07216339126774539 -0.004257532827690939 -0.11222039738412795 -0.06468756291275765
0.03196769085527234 -0.10438517665609649 0.0908764896265788 0.023289750719710005 -0.2067123553321946 -0.017398747317942637
0.020098235972787464 -0.16787198093191028 0.1066678538992336 0.05010947071826792 -0.29401286927955794 0.008056156770619426
0.024715000330377258 -0.22432818555749598 0.1210840185603899 0.07318748738730203 -0.37023070792703955 0.000280992097323532
0.027210918797382425 -0.25415671571155174 0.12427634306635435 0.08767875498097409 -0.40572550003804664 -0.007945273346399186
0.026331714928773585 -0.2491163769627564 0.11636508045871445 0.08870009171792091 -0.39185692819083984 -0.011956435682503085
0.021665986361818452 -0.20395529879632074 0.0970903599860627 0.07274546699795886 -0.32272709573261044 -0.009334312720987708
0.013333078686019812 -0.11999999999999997 0.06666157372039715 0.03999992360580595 -0.2 -0.0
0.013333078686019812 -0.11999999999999997 0.06666157372039715 0.03999992360580595 -0.2 -0.0
0.0 0.0 0.0 0.0 0.0 0.0
0.0 0.0 0.0 0.0 0.0 0.0
0.013333078686019812 -0.12000000000000004 0.06666157372039698 0.03999992360580595 -0.2 0.0
0.013333078686019812 -0.12000000000000004 0.06666157372039698 0.03999992360580595 -0.2 0.0
0.008312617160794863 -0.07748677412621877 0.038150847990187885 0.027484001932091256 -0.12394445897526724 -0.0029970664612299913
0.021765883707980382 -0.20603239073505586 0.09935525862241334 0.0727347314276993 -0.32738761533643856 -0.008990419180632259
0.02486039765543509 -0.2595800170499537 0.11168324375934163 0.09284989880428111 -0.39831494003823525 -0.022112961720965867
0.020653305009743547 -0.27405954851214054 0.10815765260845406 0.09233989006801425 -0.4106694192103306 -0.03726703467523687
0.008725990930846807 -0.2584813051540014 0.08178506019949074 0.07827800542381456 -0.36678117536398414 -0.06434434324051888
-0.010120554544035366 -0.21985664997634483 0.033451285612095386 0.05482517762534304 -0.27516776843180285 -0.10571293345189553
-0.034208903043986154 -0.16699663472263976 -0.03529130911534768 0.02716508923258232 -0.1469676759257823 -0.16183680612886797
-0.06128425527582862 -0.10842841602259903 -0.12055123157017632 -0.0005869184336235873 0.004538999183489879 -0.2296197505541998
-0.08879904043656021 -0.051072904195659255 -0.21545550020698473 -0.025872805502053654 0.16472652711987393 -0.302479834093683
-0.11644935244905512 0.02039350436704446 -0.3229633222582075 -0.053597324306248625 0.35353483813073133 -0.37214060503085755
-0.14522047728467954 0.1350419482879966 -0.45019956664797905 -0.09303635056086491 0.6104314884561105 -0.4289408123468764
-0.1534265647237697 0.12766619528596565 -0.4752260067151257 -0.09265739543677377 0.6283172766510562 -0.45545080805764954
-0.15169835345934957 0.10384944762955958 -0.4596990712153888 -0.08434856446281941 0.5865642742468492 -0.4513223472026377
-0.1411502548496996 0.08131870911292861 -0.41450568722821 -0.07316317468890965 0.5158010824122267 -0.4158806865139537
-0.12191162626914251 0.06226523215255049 -0.3448311736688759 -0.05990017135367993 0.42364702872585863 -0.351605566674611
-0.09504545636918041 0.04773300170909374 -0.2587635957132623 -0.04554673215747463 0.31942568832046214 -0.2650403770781954
-0.0629250411052549 0.03773169010587992 -0.16673940027158704 -0.031264212160710764 0.21378570900277805 -0.16696273578744578
-0.029720059321239063 0.03111522407202861 -0.0813302567797053 -0.01834323139889408 0.11840181307927497 -0.07256657656083688
-0.0019315086716376077 0.02507326431354668 -0.01744535426699836 -0.008111185468612244 0.045641954652542234 -0.0017701114994661561
0.011119366180170344 0.01419429140123982 0.007133784332886141 -0.0017691118774357342 0.00806587105322776 0.0202476221550757
-0.0031056248874838906 -0.010794900584554224 -0.028900562159739327 -0.00016398750227949996 0.017667095685991435 -0.03770341388980022
-0.055555656606536274 -0.06031758302222262 -0.14126987735947724 -0.003174611547398721 0.07936528868496802 -0.2
-0.055555656606536274 -0.06031758302222262 -0.14126987735947724 -0.003174611547398721 0.07936528868496802 -0.2
-0.055555656606536274 -0.06031758302222262 -0.14126987735947724 -0.003174611547398721 0.07936528868496802 -0.2
-0.055555656606536274 -0.06031758302222262 -0.14126987735947724 -0.003174611547398721 0.07936528868496802 -0.2
-0.055555656606536274 -0.06031758302222262 -0.14126987735947724 -0.003174611547398721 0.07936528868496802 -0.2
-0.055555656606536274 -0.06031758302222262 -0.14126987735947724 -0.003174611547398721 0.07936528868496802 -0.2
-0.055555656606536274 -0.06031758302222262 -0.14126987735947724 -0.003174611547398721 0.07936528868496802 -0.2
-0.055555656606536274 -0.06031758302222262 -0.14126987735947724 -0.003174611547398721 0.07936528868496802 -0.2
-0.055555656606536274 -0.06031758302222262 -0.14126987735947724 -0.003174611547398721 0.07936528868496802 -0.2
-0.055555656606536274 -0.06031758302222262 -0.14126987735947724 -0.003174611547398721 0.07936528868496802 -0.2
-0.055555656606536274 -0.06031758302222262 -0.14126987735947724 -0.003174611547398721 0.07936528868496802 -0.2
-0.055555656606536274 -0.06031758302222262 -0.14126987735947724 -0.003174611547398721 0.07936528868496802 -0.2
-0.055555656606536274 -0.06031758302222262 -0.14126987735947724 -0.003174611547398721 0.07936528868496802 -0.2
0.055555656606536274 0.06031758302222262 0.14126987735947724 0.003174611547398721 -0.07936528868496802 0.2
0.055555656606536274 0.06031758302222262 0.14126987735947724 0.003174611547398721 -0.07936528868496802 0.2
0.055555656606536274 0.06031758302222262 0.14126987735947724 0.003174611547398721 -0.07936528868496802 0.2
0.055555656606536274 0.06031758302222262 0.14126987735947724 0.003174611547398721 -0.07936528868496802 0.2
0.055555656606536274 0.06031758302222262 0.14126987735947724 0.003174611547398721 -0.07936528868496802 0.2
0.055555656606536274 0.06031758302222262 0.14126987735947724 0.003174611547398721 -0.07936528868496802 0.2
0.055555656606536274 0.06031758302222262 0.14126987735947724 0.003174611547398721 -0.07936528868496802 0.2
0.055555656606536274 0.06031758302222262 0.14126987735947724 0.003174611547398721 -0.07936528868496802 0.2
0.055555656606536274 0.06031758302222262 0.14126987735947724 0.003174611547398721 -0.07936528868496802 0.2
0.055555656606536274 0.06031758302222262 0.14126987735947724 0.003174611547398721 -0.07936528868496802 0.2
0.055555656606536274 0.06031758302222262 0.14126987735947724 0.003174611547398721 -0.07936528868496802 0.2
0.055555656606536274 0.06031758302222262 0.14126987735947724 0.003174611547398721 -0.07936528868496802 0.2
0.055555656606536274 0.06031758302222262 0.14126987735947724 0.003174611547398721 -0.07936528868496802 0.2
0.055555656606536274 0.06031758302222262 0.14126987735947724 0.003174611547398721 -0.07936528868496802 0.2
0.055555656606536274 0.06031758302222262 0.14126987735947724 0.003174611547398721 -0.07936528868496802 0.2
0.055555656606536274 0.06031758302222262 0.14126987735947724 0.003174611547398721 -0.07936528868496802 0.2
0.055555656606536274 0.06031758302222262 0.14126987735947724 0.003174611547398721 -0.07936528868496802 0.2
0.055555656606536274 0.06031758302222262 0.14126987735947724 0.003174611547398721 -0.07936528868496802 0.2
0.055555656606536274 0.06031758302222262 0.14126987735947724 0.003174611547398721 -0.07936528868496802 0.2
0.055555656606536274 0.06031758302222262 0.14126987735947724 0.003174611547398721 -0.07936528868496802 0.2
0.055555656606536274 0.06031758302222262 0.14126987735947724 0.003174611547398721 -0.07936528868496802 0.2
0.055555656606536274 0.06031758302222262 0.14126987735947724 0.003174611547398721 -0.07936528868496802 0.2
0.055555656606536274 0.06031758302222262 0.14126987735947724 0.003174611547398721 -0.07936528868496802 0.2
0.055555656606536274 0.06031758302222262 0.14126987735947724 0.003174611547398721 -0.07936528868496802 0.2
0.055555656606536274 0.06031758302222262 0.14126987735947724 0.003174611547398721 -0.07936528868496802 0.2
0.055555656606536274 0.06031758302222262 0.14126987735947724 0.003174611547398721 -0.07936528868496802 0.2
0.055555656606536274 0.06031758302222262 0.14126987735947724 0.003174611547398721 -0.07936528868496802 0.2
0.055555656606536274 0.06031758302222262 0.14126987735947724 0.003174611547398721 -0.07936528868496802 0.2
0.055555656606536274 0.06031758302222262 0.14126987735947724 0.003174611547398721 -0.07936528868496802 0.2
0.055555656606536274 0.06031758302222262 0.14126987735947724 0.003174611547398721 -0.07936528868496802 0.2
0.055555656606536274 0.06031758302222262 0.14126987735947724 0.003174611547398721 -0.07936528868496802 0.2
0.055555656606536274 0.06031758302222262 0.14126987735947724 0.003174611547398721 -0.07936528868496802 0.2
0.055555656606536274 0.06031758302222262 0.14126987735947724 0.003174611547398721 -0.07936528868496802 0.2
0.0 0.0 0.0 0.0 0.0 0.0
