0.0 0.0 0.0 0.0 0.0 0.0
2.6619532611221098e-08 -3.9716934692114585e-07 1.495474930852651e-07 -8.375447494909167e-07 -8.197939074598253e-07 8.006513747386634e-07
2.6619532611221098e-08 -3.9716934692114585e-07 1.495474930852651e-07 -8.375447494909167e-07 -8.197939074598253e-07 8.006513747386634e-07
0.004530220557861374 0.0011405436185169726 0.005000149547493086 3.27211364253282e-05 -0.003759210921553423 0.0015779812494837967
0.018120802372847664 0.004563365982108654 0.02000014954749309 0.00013339717994978557 -0.015034384304491312 0.0063095230438109705
0.04077177206449149 0.010268069921428122 0.045000149547493096 0.00030119058582388117 -0.033826339942721134 0.014195426034356265
0.07248312963279281 0.018254655436475378 0.0800001495474931 0.000536101354047615 -0.06013507783624287 0.025235690221119666
0.11325487507775167 0.028523122527250415 0.12500014954749308 0.0008381294846209869 -0.09396059798505654 0.039430315604101186
0.16308700839936807 0.041073471193753236 0.18000014954749308 0.0012072749775439969 -0.13530290038916212 0.056779302183300816
0.22197952959764194 0.05590570143598385 0.24500014954749305 0.0016435378328166451 -0.1841619850485596 0.07728264995871857
0.2899324386725734 0.07301981325394225 0.32000014954749306 0.002146918050438932 -0.24053785196324906 0.10094035893035443
0.36694573562416233 0.09241580664762843 0.405000149547493 0.0027174156304108567 -0.30443050113323045 0.1277524290982084
0.4530194204524088 0.11409368161704239 0.500000149547493 0.0033550305727324194 -0.3758399325585037 0.15771886046228045
0.5481534931573128 0.13805343816218416 0.6050001495474929 0.00405976287740362 -0.4547661462390689 0.1908396530225707
0.6523479537388744 0.16429507628305373 0.720000149547493 0.00483161254442446 -0.5412091421749261 0.22711480677907903
0.7656028021970935 0.1928185959796511 0.8450001495474931 0.005670579573794939 -0.6351689203660752 0.26654432173180553
0.8879180385319702 0.22362399725197626 0.9800001495474933 0.006576663965515055 -0.7366454808125164 0.30912819788075013
1.0192936627435043 0.2567112801000292 1.1250001495474935 0.007549865719584811 -0.8456388235142493 0.3548664352259129
1.1597296748316963 0.2920804445238099 1.2800001495474935 0.008590184836004204 -0.9621489484712743 0.40375903376729366
1.3023080614912823 0.32798917139561423 1.4373647001611753 0.009646374192456852 -1.0804364546377654 0.4533974969789037
1.4359703357926716 0.3616523528454941 1.5848884884591867 0.010636514947895746 -1.1913268740489587 0.49993182831153793
1.5605722222174032 0.3930336527196461 1.7224122767571979 0.011559538340985002 -1.2947005112048602 0.5433117984479541
1.676113720765477 0.4221330710180703 1.8499360650552088 0.012415444371724618 -1.3905573661054693 0.5835374073881521
1.7825948314368936 0.4489506077407667 1.96745985335322 0.013204233040114595 -1.4788974387507867 0.6206086551321319
1.8800155542316528 0.4734862628877354 2.0749836416512313 0.013925904346154937 -1.5597207291408126 0.6545255416798937
1.9683758891497543 0.49574003645897624 2.172507429949242 0.014580458289845638 -1.633027237275546 0.6852880670314374
2.0476758361911984 0.5157119284544893 2.2600312182472533 0.015167894871186702 -1.6988169631549879 0.712896231186763
2.117915395355985 0.5334019388742747 2.3375550065452644 0.015688214090178128 -1.7570899067791377 0.7373500341458704
2.179094566644114 0.5488100677183322 2.4050787948432752 0.016141415946819913 -1.8078460681479955 0.7586494759087596
2.231213350055585 0.5619363149866619 2.4626025831412868 0.016527500441112064 -1.8510854472615614 0.7767945564754308
2.274271745590399 0.5727806806792638 2.5101263714392976 0.016846467573054573 -1.8868080441198352 0.7917852758458839
2.308269753248555 0.5813431647961379 2.5476501597373087 0.017098317342647447 -1.9150138587228174 0.803621634020119
2.3332073730300538 0.5876237673372842 2.5751739480353195 0.01728304974989068 -1.9357028910705072 0.8123036309981357
2.3490846049348946 0.5916224883027028 2.5926977363333306 0.017400664794784276 -1.9488751411629055 0.8178312667799345
2.3559014489630785 0.5933393276923935 2.6002215246313414 0.01745116247732823 -1.9545306090000119 0.820204541365515
2.35619 0.593412 2.6005400000000005 0.017453300000000005 -1.95477 0.8203049999999998
2.35619 0.593412 2.6005400000000005 0.017453300000000005 -1.95477 0.8203049999999998
2.3549399999999996 0.5938286587089382 2.5955400000000006 0.015786636516424764 -1.951436587089381 0.8178049999999999
2.35119 0.5950786348357525 2.5805400000000005 0.010786646065699033 -1.9414363483575248 0.8103049999999999
2.34494 0.5971619283804431 2.5555400000000006 0.0024533286478228156 -1.9247692838044308 0.797805
2.3361899999999998 0.6000785393430099 2.5205400000000004 -0.009213315737203881 -1.9014353934300994 0.780305
2.325388462120291 0.6036789832050143 2.477333848481166 -0.023615338737655985 -1.8726306047718926 0.7587019242405828
2.3162561545443494 0.6067230275923885 2.440804618177399 -0.03579172558373572 -1.848277203189984 0.7404373090886994
2.3096238469684076 0.6089337545618865 2.414275387873632 -0.044634785462664986 -1.8305906274293127 0.7271726939368159
2.305491539392466 0.6103111641135082 2.397746157569865 -0.05014451837444375 -1.819570877489879 0.7189080787849325
2.3038592318165243 0.6108552562472536 2.3912169272660977 -0.05232092431907204 -1.8152179533716828 0.715643463633049
2.3038299999999996 0.610865 2.3911 -0.0523599 -1.81514 0.7155849999999999
2.3038299999999996 0.610865 2.3911 -0.0523599 -1.81514 0.7155849999999999
2.30508 0.6104483412910618 2.3960999999999997 -0.05069323651642475 -1.8184734129106188 0.7180849999999999
2.3088299999999995 0.6091983651642475 2.4111 -0.045693246065699016 -1.828473651642475 0.7255849999999999
2.3150799999999996 0.6071150716195569 2.4360999999999997 -0.03735992864782278 -1.845140716195569 0.7380849999999999
2.3238299999999996 0.6041984606569901 2.4711 -0.025693284262796063 -1.8684746065699005 0.7555849999999998
2.3346315378797082 0.6005980167949856 2.5143061515188343 -0.011291261262343942 -1.8972793952281075 0.7771880757594171
2.34376384545565 0.5975539724076114 2.5508353818226013 0.0008851255837357928 -1.9216327968100162 0.7954526909113006
2.3503961530315918 0.5953432454381136 2.5773646121263685 0.009728185462665035 -1.9393193725706874 0.8087173060631839
2.3545284606075336 0.5939658358864919 2.5938938424301354 0.015237918374443792 -1.950339122510121 0.8169819212150674
2.356160768183475 0.5934217437527465 2.600423072733902 0.01741432431907205 -1.954692046628317 0.8202465363669509
2.35619 0.593412 2.6005400000000005 0.017453300000000005 -1.95477 0.8203049999999998
2.35619 0.593412 2.6005400000000005 0.017453300000000005 -1.95477 0.8203049999999998
2.35119 0.591406533923545 2.598200916385382 0.01735137577757274 -1.9546253475280018 0.8200696258423946
2.3361899999999998 0.5853901356941801 2.5911836655415277 0.017045603110290946 -1.9541913901120078 0.819363503369579
2.31119 0.5753628053119051 2.5794882474684364 0.01653598199815462 -1.9534681277520176 0.818186632581553
2.2761899999999997 0.5613245427767202 2.5631146621661083 0.015822512441163766 -1.9524555604480314 0.8165390134783166
2.23119 0.5432753480886252 2.542062909634544 0.014905194439318379 -1.9511536882000489 0.8144206460598697
2.1761899999999996 0.5212152212476203 2.516332989873743 0.013784027992618464 -1.9495625110080705 0.8118315303262125
2.1111899999999997 0.4951441622537054 2.4859249028837063 0.01245901310106402 -1.947682028872096 0.8087716662773449
2.03619 0.46506217110688053 2.4508386486644325 0.010930149764655044 -1.9455122417921256 0.8052410539132668
1.95119 0.43096924780714563 2.4110742272159222 0.009197437983391538 -1.943053149768159 0.8012396932339784
1.8617692899910039 0.39510320771603347 2.3692417236980075 0.007374610716079367 -1.9404661644180345 0.797030228375813
1.7817082189901043 0.36299125532864174 2.331787815828609 0.005742578234387218 -1.9381499580518164 0.7932613669470516
1.7116471479892048 0.33489023509415994 2.299012075188447 0.004314394197549597 -1.9361230566295944 0.7899632538335006
1.651586076988305 0.3108001470125882 2.270914501777521 0.0030900586055665064 -1.9343854601513684 0.78713588903516
1.6015250059874055 0.29072099108392635 2.2474950955958324 0.0020695714584379474 -1.9329371686171386 0.7847792725520298
1.5614639349865058 0.27465276730817456 2.2287538566433795 0.001252932756163917 -1.9317781820269049 0.78289340438411
1.5314028639856063 0.2625954756853328 2.2146907849201636 0.0006401424987444188 -1.930908500380667 0.7814782845314006
1.5113417929847068 0.254549116215401 2.205305880426184 0.00023120068617945091 -1.9303281236784253 0.7805339129939016
1.5012807219838074 0.2505136888983791 2.2005991431614413 2.6107318469012486e-05 -1.9300370519201797 0.780060289771613
1.5 0.25 2.2 0.0 -1.9299999999999997 0.78
1.5 0.25 2.2 0.0 -1.9299999999999997 0.78
1.496867279492076 0.25145593012521933 2.1977216001578457 0.00012298764718732166 -1.9262746545369982 0.785
1.4874691179683042 0.2558237205008773 2.1908864006313817 0.0004919505887492866 -1.9150986181479939 0.8
1.4718055154286842 0.26310337112697396 2.179494401420609 0.001106888824685895 -1.8964718908329865 0.8250000000000001
1.4498764718732162 0.27329488200350927 2.163545602525527 0.0019678023549971465 -1.8703944725919763 0.8600000000000001
1.4216819873019004 0.28639825313048317 2.1430400039461355 0.003074691179683041 -1.8368663634249633 0.905
1.3872220617147366 0.3024134845078958 2.117977605682435 0.004427555298743579 -1.7958875633319473 0.96
1.346496695111725 0.321340576135747 2.0883584077344253 0.0060263947121787596 -1.7474580723129283 1.025
1.2995058874928653 0.34317952801403695 2.0541824101021064 0.007871209419988583 -1.6915778903679064 1.1
1.2462496388581576 0.3679303401427655 2.015449612785478 0.009961999422173051 -1.6282470174968817 1.185
1.1867279492076022 0.3955930125219327 1.9721600157845411 0.01229876471873216 -1.557465453699854 1.2799999999999998
1.1209408185411984 0.4261675451515386 1.9243136190992947 0.014881505309665916 -1.4792331989768235 1.3849999999999998
1.0489360628830615 0.45963171556079435 1.8719451989000102 0.017708343983046586 -1.3936071148345996 1.4999236829075657
0.9779781847263284 0.492609350229676 1.8203381634230207 0.02049408323486529 -1.309225948756502 1.6131764898165297
0.9132857475854431 0.5226751246481189 1.7732879276303404 0.02303384719230935 -1.232295473604407 1.7164292967254937
0.8548587514604059 0.5498290388161232 1.7307944915219693 0.025327635855378765 -1.162815689378315 1.8096821036344575
0.8026971963512166 0.574071092733689 1.6928578550979072 0.02737544922407354 -1.1007865960782262 1.8929349105434214
0.7568010822578753 0.5954012864008159 1.6594780183581543 0.029177287298393667 -1.0462081937041399 1.9661877174523852
0.717170409180382 0.6138196198175042 1.630654981302711 0.030733150078339155 -0.9990804822560568 2.029440524361349
0.6838051771187366 0.6293260929837539 1.6063887439315763 0.03204303756390999 -0.9594034617339766 2.082693331270313
0.6567053860729393 0.6419207058995648 1.5866793062447513 0.03310694975510619 -0.9271771321378994 2.125946138179277
0.6358710360429899 0.6516034585649373 1.571526668242235 0.03392488665192774 -0.902401493467825 2.1591989450882405
0.6213021270288883 0.658374350979871 1.5609308299240283 0.03449684825437466 -0.8850765457237536 2.1824517519972044
0.6129986590306349 0.662233383144366 1.5548917912901308 0.03482283456244692 -0.8752022889056851 2.195704558906168
0.610865 0.663225 1.55334 0.0349066 -0.872665 2.19911
0.610865 0.663225 1.55334 0.0349066 -0.872665 2.19911
0.6105316730328495 0.666225 1.55167346065699 0.03390660190985485 -0.867665 2.19911
0.609531692131398 0.675225 1.5466738426279603 0.030906607639419405 -0.852665 2.19911
0.6078650572956456 0.690225 1.5383411459129106 0.025906617188693658 -0.827665 2.19911
0.6055317685255921 0.711225 1.526675370511841 0.018906630557677617 -0.792665 2.19911
0.6025318258212377 0.7382249999999999 1.5116765164247516 0.009906647746371278 -0.747665 2.19911
0.5993854364030315 0.7665430455974217 1.495945470723001 0.00046731724168296365 -0.7004682573376305 2.19911
0.596896631240257 0.7889427198636586 1.4835021579112373 -0.006999226587020499 -0.6631354668939022 2.19911
0.5950744800117834 0.8053423941298956 1.4743919237854937 -0.012465774235433665 -0.6358026764501741 2.19911
0.5939189827176108 0.8157420683961325 1.4686147683457698 -0.015932325703556533 -0.6184698860064457 2.19911
0.5934301393577393 0.8201417426623695 1.4661706915920656 -0.0173988809913891 -0.6111370955627176 2.19911
0.593412 0.8203050000000001 1.4660800000000003 -0.017453299999999998 -0.610865 2.19911
0.593412 0.8203050000000001 1.4660800000000003 -0.017453299999999998 -0.610865 2.19911
0.5937453269671505 0.8173050000000001 1.4677465393430102 -0.016453301909854848 -0.615865 2.19911
0.594745307868602 0.808305 1.47274615737204 -0.0134533076394194 -0.630865 2.19911
0.5964119427043545 0.793305 1.4810788540870896 -0.008453317188693655 -0.655865 2.19911
0.598745231474408 0.772305 1.492744629488159 -0.0014533305576776116 -0.6908650000000001 2.19911
0.6017451741787624 0.745305 1.5077434835752483 0.007546652253628727 -0.735865 2.19911
0.6048915635969685 0.7169869544025783 1.5234745292769991 0.01698598275831704 -0.7830617426623695 2.19911
0.607380368759743 0.6945872801363413 1.5359178420887627 0.024452526587020504 -0.8203945331060978 2.19911
0.6092025199882166 0.6781876058701044 1.5450280762145066 0.02991907423543367 -0.8477273235498259 2.19911
0.6103580172823893 0.6677879316038674 1.5508052316542305 0.033385625703556535 -0.8650601139935543 2.19911
0.6108468606422608 0.6633882573376304 1.5532493084079346 0.034852180991389106 -0.8723929044372825 2.19911
0.610865 0.663225 1.55334 0.0349066 -0.872665 2.19911
0.610865 0.663225 1.55334 0.0349066 -0.872665 2.19911
0.6094761085848366 0.6617170604244443 1.549808253066013 0.03482723471131503 -0.8706808677828758 2.1941100000000002
0.6053094343393464 0.6571932416977777 1.5392130122640522 0.03458913884526013 -0.8647284711315032 2.17911
0.5983649772635293 0.6496535438199998 1.5215542775941175 0.03419231240183529 -0.8548078100458822 2.15411
0.5886427373573855 0.6390979667911109 1.496832049056209 0.033636755381040516 -0.8409188845260128 2.11911
0.5761427146209148 0.6255265106111109 1.4650463266503266 0.0329224677828758 -0.823061694571895 2.07411
0.5608649090541173 0.6089391752799996 1.4261971103764706 0.03204944960734116 -0.8012362401835288 2.01911
0.542809320656993 0.5893359607977773 1.3802844002346404 0.031017700854436572 -0.7754425213609142 1.9541100000000002
0.521975949429542 0.5667168671644438 1.3273081962248365 0.02982722152416205 -0.7456805381040512 1.8791100000000003
0.4983647953717641 0.5410818943799992 1.2672684983470588 0.028478011616517595 -0.7119502904129398 1.7941100000000003
0.4719758584836594 0.5124310424444435 1.2001653066013072 0.026970071131503206 -0.6742517782875801 1.6991100000000001
0.44280913876522787 0.4807643113577766 1.1259986209875814 0.025303400069118874 -0.6325850017279718 1.5941100000000001
0.4108646362164694 0.44608170111999856 1.044768441505882 0.02347799842936461 -0.5869499607341152 1.4791100000000001
0.37614235083738423 0.4083832117311094 0.9564747681562087 0.02149386621224041 -0.5373466553060102 1.35411
0.33864228262797225 0.3676688431911091 0.8611176009385615 0.019351003417746274 -0.4837750854436567 1.21911
0.29844528051470215 0.32402637435335685 0.7589025268016787 0.017054029988319026 -0.42635074970797565 1.0744010556058812
0.25911522852496344 0.28132516585246964 0.6588919795322481 0.01480659660649978 -0.37016491516249456 0.9328131259796064
0.22256295936555157 0.2416398365026936 0.5659449261307914 0.012717893802050472 -0.3179473450512618 0.8012251963533317
0.1887884730364665 0.2049703863040287 0.4800613665973085 0.0107879215749711 -0.2696980393742775 0.6796372667270569
0.15779176953770827 0.1713168152564749 0.40124130093179955 0.009016679925261662 -0.22541699813154165 0.5680493371007824
0.12957284886927686 0.14067912336003233 0.32948472913426463 0.007404168852922166 -0.1851042213230542 0.4664614074745079
0.10413171103117227 0.11305731061470081 0.26479165120470327 0.0059503883579526025 -0.14875970894881513 0.3748734778482333
0.08146835602339447 0.08845137702048045 0.20716206714311602 0.004655338440352973 -0.11638346100882441 0.29328554822195874
0.061582783845943484 0.06686132257737121 0.15659597694950245 0.003519019100123283 -0.0879754775030821 0.22169761859568415
0.04447499449881931 0.04828714728537309 0.11309338062386287 0.002541430337263527 -0.06353575843158826 0.16010968896940958
0.030144987982021976 0.03272885114448615 0.07665427816619708 0.0017225721517737103 -0.043064303794342784 0.1085217593431349
0.018592764295551456 0.020186434154710275 0.04727866957650528 0.001062444543653826 -0.026561113591345664 0.06693382971686046
0.00981832343940775 0.010659896316045636 0.02496655485478727 0.0005610475129038811 -0.014026187822597014 0.0353459000905858
0.003821665413590858 0.004149237628492064 0.009717934001043038 0.00021838105952387207 -0.005459526488096833 0.013757970464311375
0.0006027902181007794 0.0006544580920496146 0.001532807015272919 3.444518351379891e-05 -0.0008611295878450109 0.0021700408380369574
0.0 0.0 0.0 0.0 0.0 -4.440892098500626e-16
