0.0 0.0 0.0 0.0 0.0 0.0
0.0010000000000000002 9.629656351991991e-05 0.0009185210021263146 -7.40742469834776e-06 -0.0008222257118483656 0.000977777683463558
0.004000000000000001 0.00038518625407967964 0.0036740840085052583 -2.962969879339104e-05 -0.0032889028473934625 0.003911110733854232
0.009000000000000003 0.0008666690716792794 0.008266689019136832 -6.666682228512985e-05 -0.007400031406635293 0.008799999151172026
0.016000000000000004 0.0015407450163187186 0.014696336034021033 -0.00011851879517356417 -0.01315561138957385 0.01564444293541693
0.025 0.0024074140879979974 0.02296302505315786 -0.00018518561745869397 -0.02055564279620914 0.02444444208658895
0.036 0.003466676286717116 0.03306675607654732 -0.00026666728914051925 -0.02960012562654116 0.03519999660468809
0.048999999999999995 0.004718531612476075 0.0450075291041894 -0.0003629638102190401 -0.04028905988056991 0.04791110648971434
0.064 0.0061629800652748725 0.05878534413608411 -0.0004740751806942565 -0.05262244555829539 0.0625777717416677
0.08099999999999999 0.00780002164511351 0.07440020117223145 -0.0006000014005661683 -0.0666002826597176 0.07919999236054819
0.09999999999999998 0.009629656351991986 0.09185210021263142 -0.0007407424698347756 -0.08222257118483653 0.09777776834635578
0.12099999999999997 0.011651884185910306 0.11114104125728402 -0.0008962983885000785 -0.09948931113365221 0.1183110996990905
0.144 0.013866705146868464 0.13226702430618928 -0.001066669156562077 -0.11840050250616464 0.14079998641875235
0.169 0.016274119234866463 0.15523004935934717 -0.0012518547740207715 -0.1389561453023738 0.16524442850534132
0.19600000000000004 0.018874126449904303 0.18003011641675767 -0.001451855240876161 -0.16115623952227967 0.1916444259588574
0.22500000000000006 0.021666726791981984 0.2066672254784208 -0.0016666705571282462 -0.1850007851658823 0.21999997877930064
0.2560000000000001 0.024651920261099504 0.2351413765443366 -0.0018963007227770269 -0.21048978223318165 0.250311086966671
0.28900000000000015 0.027829706857256865 0.26545256961450503 -0.002140745737822503 -0.2376232307241778 0.2825777505209684
0.3240000000000002 0.03120008658045406 0.2976008046889261 -0.002400005602264675 -0.2664011306388706 0.31679996944219296
0.3610000000000002 0.0347630594306911 0.3315860817675997 -0.0026740803161035423 -0.29682348197726016 0.3529777437303447
0.40000000000000024 0.03851862540796797 0.3674084008505259 -0.002962969879339105 -0.32889028473934634 0.39111107338542345
0.4410000000000003 0.0424667845122847 0.4050677619377049 -0.0032666742919713635 -0.3626015389251294 0.4311999584074293
0.4840000000000003 0.04660753674364126 0.4445641650291364 -0.0035851935540003174 -0.3979572445346091 0.4732443987963624
0.5290000000000004 0.050940882102037656 0.48589761012482063 -0.003918527665425967 -0.4349574015677857 0.5172443945522226
0.5760000000000004 0.055466820587473896 0.5290680972247574 -0.004266676626248312 -0.47360201002465885 0.5631999456750097
0.6250000000000006 0.06018535219994998 0.5740756263289469 -0.004629640436467353 -0.5138910699052289 0.6111110521647243
0.6760000000000006 0.06509647693946591 0.6209201974373891 -0.0050074190960830885 -0.5558245812094955 0.6609777140213657
0.7290000000000006 0.07020019480602166 0.6696018105500837 -0.00540001260509552 -0.599402543937459 0.7127999312449343
0.7840000000000007 0.07549650579961725 0.7201204656670311 -0.005807420963504648 -0.6446249580891191 0.7665777038354301
0.8410000000000007 0.0809854099202527 0.7724761627882312 -0.00622964417131047 -0.691491823664476 0.822311031792853
0.9000000000000009 0.08666690716792798 0.8266689019136837 -0.006666682228512989 -0.7400031406635297 0.8799999151172031
0.961000000000001 0.09254099754264311 0.8826986830433889 -0.007118535135112202 -0.7901589090862801 0.9396443538084801
1.0240000000000011 0.09860768104439807 0.9405655061773468 -0.007585202891108113 -0.8419591289327271 1.0012443478666844
1.089000000000001 0.10486695767319286 1.0002693713155575 -0.008066685496500716 -0.8954038002028709 1.0647998972918158
1.1560000000000012 0.11131882742902752 1.0618102784580206 -0.008562982951290017 -0.9504929228967116 1.1303110020838742
1.2240843938301809 0.11787512058421065 1.1243472241080799 -0.009067312971719726 -1.0064736620794954 1.1968824029631677
1.2903779479396145 0.12425896202847099 1.185239245863192 -0.0095583774817712 -1.0609819267980827 1.261702760728856
1.3546715020490483 0.1304502103456915 1.2442942256140515 -0.010034627142425976 -1.113845740092973 1.3245675631276168
1.416965056158482 0.13644886553587213 1.3015121633606581 -0.010496061953684058 -1.165065101964167 1.3854768101594508
1.4772586102679157 0.14225492759901293 1.3568930591030124 -0.010942681915545444 -1.214640012411664 1.4444305018243575
1.535552164377349 0.14786839653511388 1.4104369128411136 -0.011374487028010133 -1.2625704714354642 1.501428638122337
1.5918457184867825 0.153289272344175 1.4621437245749624 -0.011791477291078127 -1.3088564790355675 1.5564712190533894
1.646139272596216 0.15851755502619624 1.5120134943045587 -0.012193652704749425 -1.3534980352119743 1.6095582446175145
1.6984328267056497 0.16355324458117768 1.560046222029902 -0.012581013269024027 -1.396495139964684 1.6606897148147124
1.748726380815083 0.16839634100911927 1.6062419077509928 -0.012953558983901933 -1.4378477932936975 1.7098656296449835
1.7970199349245164 0.17304684431002104 1.6506005514678312 -0.013311289849383146 -1.477555995199014 1.7570859891083273
1.84331348903395 0.17750475448388292 1.6931221531804168 -0.013654205865467662 -1.5156197456806337 1.8023507932047442
1.8876070431433836 0.181770071530705 1.7338067128887498 -0.013982307032155483 -1.5520390447385568 1.845660041934234
1.9299005972528172 0.18584279545048726 1.7726542305928301 -0.01429559334944661 -1.586813892372783 1.8870137352967964
1.9701941513622505 0.18972292624322967 1.8096647062926579 -0.014594064817341039 -1.6199442885833129 1.926411873292432
2.0084877054716843 0.1934104639089322 1.8448381399882332 -0.014877721435838771 -1.6514302333701458 1.9638544559211404
2.044781259581118 0.19690540844759494 1.878174531679556 -0.015146563204939812 -1.681271726733282 1.9993414831829215
2.0790748136905517 0.20020775985921782 1.9096738813666256 -0.015400590124644155 -1.7094687686727215 2.0328729550777758
2.111368367799985 0.2033175181438009 1.939336189049443 -0.015639802194951806 -1.7360213591884643 2.064448871605703
2.1416619219094186 0.20623468330134406 1.9671614547280076 -0.015864199415862756 -1.7609294982805102 2.094069232766703
2.169955476018852 0.20895925533184745 1.9931496784023197 -0.016073781787377013 -1.7841931859488596 2.1217340385607755
2.196249030128286 0.21149123423531097 2.017300860072379 -0.016268549309494576 -1.8058124221935121 2.1474432889879216
2.2205425842377196 0.21383062001173464 2.039614999738186 -0.016448501982215445 -1.8257872070144683 2.17119698404814
2.2428361383471533 0.21597741266111853 2.0600920973997403 -0.016613639805539614 -1.8441175404117272 2.1929951237414316
2.2631296924565873 0.21793161218346252 2.078732153057042 -0.01676396277946709 -1.8608034223852898 2.212837708067796
2.281423246566021 0.21969321857876667 2.095535166710091 -0.01689947090399787 -1.8758448529351555 2.2307247370272334
2.2977168006754543 0.22126223184703103 2.110501138358887 -0.017020164179131957 -1.8892418320613245 2.2466562106197436
2.3120103547848885 0.22263865198825553 2.1236300680034312 -0.017126042604869343 -1.9009943597637968 2.2606321288453266
2.324303908894322 0.22382247900244018 2.1349219556437227 -0.017217106181210043 -1.9111024360425724 2.2726524917039828
2.334597463003756 0.22481371288958502 2.144376801279761 -0.01729335490815404 -1.919566060897651 2.2827172991957116
2.34289101711319 0.22561235364969 2.151994604911547 -0.01735478878570134 -1.9263852343290333 2.2908265513205137
2.349184571222623 0.22621840128275517 2.15777536653908 -0.017401407813851952 -1.9315599563367187 2.2969802480783885
2.3534781253320576 0.22663185578878045 2.1617190861623605 -0.017433211992605863 -1.9350902269207073 2.301178389469336
2.3557716794414914 0.22685271716776592 2.163825763781389 -0.01745020132196308 -1.9369760460809995 2.3034209754933563
2.3561899999999993 0.226893 2.16421 -0.0174533 -1.9373199999999997 2.30383
2.3562270511841095 0.2267818888888889 2.1632100000000003 -0.0174533 -1.9364681410746114 2.30383
2.3563382047364394 0.22644855555555557 2.16021 -0.0174533 -1.9339125642984463 2.30383
2.3565234606569896 0.225893 2.1552100000000003 -0.0174533 -1.9296532696715047 2.30383
2.3567828189457596 0.22511522222222224 2.14821 -0.0174533 -1.9236902571937864 2.30383
2.3571162796027494 0.22411522222222224 2.1392100000000003 -0.0174533 -1.9160235268652912 2.30383
2.35752384262796 0.222893 2.12821 -0.0174533 -1.9066530786860196 2.30383
2.3580055080213898 0.22144855555555557 2.1152100000000003 -0.0174533 -1.8955789126559712 2.30383
2.35856127578304 0.2197818888888889 2.10021 -0.0174533 -1.8828010287751462 2.30383
2.3591911459129102 0.217893 2.0832100000000002 -0.0174533 -1.8683194270435444 2.30383
2.3598951184110004 0.2157818888888889 2.06421 -0.0174533 -1.8521341074611661 2.30383
2.3606731932773104 0.21344855555555556 2.04321 -0.0174533 -1.834245070028011 2.30383
2.3615253705118406 0.210893 2.02021 -0.0174533 -1.8146523147440792 2.30383
2.3624516501145907 0.20811522222222223 1.9952100000000002 -0.0174533 -1.793355841609371 2.30383
2.363452032085561 0.20511522222222223 1.9682100000000002 -0.0174533 -1.7703556506238858 2.30383
2.3645265164247515 0.201893 1.93921 -0.0174533 -1.745651741787624 2.30383
2.365643787036363 0.1985424679711343 1.909055211740209 -0.0174533 -1.7199641162653252 2.30383
2.366696028596266 0.1953869486082191 1.880655537473972 -0.0174533 -1.69577160026351 2.30383
2.3676741677879485 0.19245365146752608 1.854255863207735 -0.0174533 -1.673282802112471 2.30383
2.368578204611411 0.18974257654905533 1.8298561889414982 -0.0174533 -1.652497721812209 2.30383
2.3694081390666537 0.18725372385280678 1.8074565146752612 -0.0174533 -1.6334163593627238 2.30383
2.3701639711536764 0.18498709337878044 1.7870568404090241 -0.0174533 -1.616038714764015 2.30383
2.370845700872479 0.18294268512697634 1.7686571661427872 -0.0174533 -1.600364788016083 2.30383
2.3714533282230614 0.18112049909739444 1.7522574918765503 -0.0174533 -1.5863945791189276 2.30383
2.371986853205424 0.17952053529003478 1.7378578176103134 -0.0174533 -1.5741280880725488 2.30383
2.3724462758195664 0.17814279370489736 1.7254581433440763 -0.0174533 -1.5635653148769468 2.30383
2.3728315960654887 0.17698727434198214 1.7150584690778394 -0.0174533 -1.5547062595321215 2.30383
2.373142813943191 0.17605397720128912 1.7066587948116025 -0.0174533 -1.5475509220380728 2.30383
2.373379929452674 0.17534290228281837 1.7002591205453654 -0.0174533 -1.5420993023948009 2.30383
2.3735429425939363 0.1748540495865698 1.6958594462791285 -0.0174533 -1.5383514006023056 2.30383
2.3736318533669785 0.1745874191125435 1.6934597720128917 -0.0174533 -1.536307216660587 2.30383
2.37365 0.174533 1.6929700000000003 -0.0174533 -1.5358899999999998 2.30383
2.37365 0.174533 1.6929700000000003 -0.0174533 -1.5358899999999998 2.30383
2.37361294881589 0.1746441111111111 1.6939700000000002 -0.0174533 -1.536741858925388 2.30383
2.37350179526356 0.17497744444444444 1.6969700000000003 -0.0174533 -1.5392974357015532 2.30383
2.37331653934301 0.175533 1.7019700000000002 -0.0174533 -1.5435567303284947 2.30383
2.37305718105424 0.17631077777777776 1.7089700000000003 -0.0174533 -1.549519742806213 2.30383
2.37272372039725 0.17731077777777776 1.7179700000000002 -0.0174533 -1.5571864731347083 2.30383
2.37231615737204 0.178533 1.7289700000000003 -0.0174533 -1.5665569213139798 2.30383
2.3718344919786096 0.17997744444444444 1.7419700000000002 -0.0174533 -1.5776310873440282 2.30383
2.3712787242169595 0.18164411111111112 1.7569700000000004 -0.0174533 -1.5904089712248533 2.30383
2.3706488540870896 0.183533 1.7739700000000003 -0.0174533 -1.604890572956455 2.30383
2.3699448815889994 0.18564411111111112 1.7929700000000004 -0.0174533 -1.6210758925388336 2.30383
2.369166806722689 0.18797744444444445 1.8139700000000003 -0.0174533 -1.6389649299719886 2.30383
2.3683146294881587 0.190533 1.8369700000000002 -0.0174533 -1.6585576852559203 2.30383
2.3673883498854087 0.19331077777777778 1.8619700000000003 -0.0174533 -1.6798541583906288 2.30383
2.3663879679144384 0.19631077777777778 1.8889700000000003 -0.0174533 -1.702854349376114 2.30383
2.3653134835752483 0.19953300000000002 1.9179700000000004 -0.0174533 -1.7275582582123759 2.30383
2.3641962129636362 0.20288353202886572 1.9481247882597916 -0.0174533 -1.7532458837346745 2.30383
2.3631439714037334 0.20603905139178094 1.9765244625260285 -0.0174533 -1.77743839973649 2.30383
2.362165832212051 0.20897234853247393 2.0029241367922657 -0.0174533 -1.7999271978875289 2.30383
2.361261795388588 0.2116834234509447 2.0273238110585026 -0.0174533 -1.820712278187791 2.30383
2.3604318609333457 0.21417227614719325 2.0497234853247392 -0.0174533 -1.8397936406372761 2.30383
2.3596760288463234 0.21643890662121956 2.070123159590976 -0.0174533 -1.857171285235985 2.30383
2.3589942991275206 0.2184833148730237 2.0885228338572133 -0.0174533 -1.872845211983917 2.30383
2.3583866717769384 0.22030550090260556 2.10492250812345 -0.0174533 -1.8868154208810723 2.30383
2.3578531467945756 0.22190546470996522 2.1193221823896873 -0.0174533 -1.8990819119274511 2.30383
2.3573937241804335 0.22328320629510268 2.131721856655924 -0.0174533 -1.909644685123053 2.30383
2.3570084039345107 0.22443872565801787 2.142121530922161 -0.0174533 -1.9185037404678784 2.30383
2.3566971860568082 0.22537202279871088 2.150521205188398 -0.0174533 -1.9256590779619271 2.30383
2.356460070547326 0.22608309771718163 2.156920879454635 -0.0174533 -1.931110697605199 2.30383
2.3562970574060635 0.2265719504134302 2.1613205537208717 -0.0174533 -1.9348585993976943 2.30383
2.356208146633021 0.2268385808874565 2.163720227987109 -0.0174533 -1.936902783339413 2.30383
2.35619 0.226893 2.16421 -0.0174533 -1.9373200000000002 2.30383
2.3556281328625897 0.22690816376498693 2.1642334868718955 -0.017441846425782406 -1.9373151963145496 2.30283
2.3539425314503584 0.22695365505994763 2.1643039474875807 -0.017407485703129617 -1.9373007852581983 2.29983
2.351133195763307 0.22702947388488218 2.1644213818470566 -0.017350217832041635 -1.9372767668309459 2.29483
2.347200125801434 0.22713562023979053 2.1645857899503227 -0.017270042812518458 -1.9372431410327926 2.28783
2.342143321564741 0.22727209412467272 2.164797171797379 -0.01716696064456009 -1.9371999078637383 2.27883
2.3359627830532275 0.2274388955395287 2.1650555273882257 -0.01704097132816653 -1.937147067323783 2.26783
2.328658510266893 0.2276360244843585 2.165360856722863 -0.016892074863337776 -1.9370846194129268 2.25483
2.320230503205738 0.22786348095916212 2.16571315980129 -0.016720271250073828 -1.9370125641311697 2.23983
2.310678761869762 0.22812126496393956 2.166112436623508 -0.01652556048837469 -1.9369309014785114 2.22283
2.3000032862589657 0.2284093764986908 2.166558687189516 -0.016307942578240357 -1.9368396314549525 2.20383
2.2882040763733484 0.22872781556341587 2.1670519114993145 -0.01606741751967083 -1.9367387540604923 2.18283
2.2752811322129105 0.22907658215811477 2.167592109552903 -0.01580398531266611 -1.9366282692951315 2.15983
2.2612344537776523 0.22945567628278746 2.168179281350282 -0.015517645957226201 -1.9365081771588695 2.13483
2.246064041067573 0.22986509793743398 2.168813426891451 -0.015208399453351097 -1.9363784776517068 2.10783
2.229769894082673 0.23030484712205432 2.169494546176411 -0.0148762458010408 -1.9362391707736428 2.07883
2.2123520128229526 0.23077492383664847 2.1702226392051607 -0.014521185000295308 -1.936090256524678 2.04783
2.193810397288411 0.23127532808121642 2.170997705977701 -0.014143217051114626 -1.9359317349048124 2.01483
2.1741450474790494 0.2318060598557582 2.1718197464940316 -0.013742341953498749 -1.9357636059140457 1.9798299999999998
2.1533559633948665 0.2323671191602738 2.1726887607541525 -0.01331855970744768 -1.935585869552378 1.9428299999999998
2.1314431450358633 0.2329585059947632 2.1736047487580636 -0.012871870312961418 -1.9353985258198094 1.9038299999999997
2.1084065924020394 0.23358022035922643 2.1745677105057655 -0.012402273770039964 -1.9352015747163398 1.8628299999999998
2.0842463054933944 0.23423226225366348 2.175577645997257 -0.011909770078683315 -1.9349950162419693 1.8198299999999996
2.058962284309929 0.23491463167807433 2.1766345552325395 -0.011394359238891476 -1.9347788503966978 1.7748299999999997
2.032554528851643 0.23562732863245903 2.1777384382116116 -0.010856041250664441 -1.9345530771805255 1.7278299999999995
2.0050230391185364 0.2363703531168175 2.1788892949344745 -0.010294816114002212 -1.934317696593452 1.6788299999999996
1.976367815110609 0.23714370513114982 2.1800871254011276 -0.009710683828904793 -1.9340727086354779 1.6278299999999994
1.9465888568278609 0.23794738467545593 2.181331929611571 -0.00910364439537218 -1.9338181133066026 1.5748299999999995
1.915863446411451 0.23877660722943575 2.1826162969118235 -0.008477311682281947 -1.9335554262812367 1.5201455232426933
1.8858534307681885 0.23958652258872384 2.183870759659429 -0.007865562180388027 -1.9332988555264874 1.4667342919299322
1.8569671493997466 0.24036611041803813 2.185078248663244 -0.007276719826929302 -1.9330518921426392 1.4153230606171712
1.8292046023061252 0.24111537071737857 2.186238763923269 -0.006710784621905768 -1.932814536129692 1.3659118293044104
1.8025657894873248 0.24183430348674523 2.1873523054395037 -0.006167756565317428 -1.9325867874876457 1.3185005979916493
1.777050710943345 0.24252290872613805 2.188418873211948 -0.00564763565716428 -1.9323686462165004 1.2730893666788885
1.7526593666741859 0.24318118643555706 2.1894384672406018 -0.005150421897446326 -1.932160112316256 1.2296781353661275
1.7293917566798473 0.24380913661500223 2.190411087525465 -0.004676115286163565 -1.9319611857869126 1.1882669040533664
1.7072478809603298 0.2444067592644736 2.191336734066539 -0.0042247158233159965 -1.93177186662847 1.1488556727406056
1.6862277395156324 0.24497405438397118 2.1922154068638218 -0.003796223508903621 -1.9315921548409285 1.1114444414278446
1.6663313323457563 0.24551102197349492 2.1930471059173144 -0.0033906383429264386 -1.9314220504242878 1.0760332101150838
1.6475586594507003 0.24601766203304484 2.193831831227017 -0.003007960325384448 -1.9312615533785482 1.0426219788023228
1.6299097208304654 0.24649397456262095 2.1945695827929286 -0.0026481894562776533 -1.9311106637037097 1.011210747489562
1.613384516485051 0.24693995956222325 2.1952603606150505 -0.0023113257356060513 -1.930969381399772 0.9817995161768013
1.5979830464144575 0.24735561703185172 2.1959041646933817 -0.0019973691633696404 -1.930837706466735 0.9543882848640405
1.5837053106186847 0.2477409469715064 2.1965009950279226 -0.0017063197395684234 -1.9307156389045992 0.9289770535512797
1.5705513090977323 0.24809594938118723 2.1970508516186738 -0.0014381774642023993 -1.9306031787133644 0.9055658222385188
1.5585210418516007 0.24842062426089426 2.197553734465634 -0.001192942337271569 -1.9305003258930304 0.884154590925758
1.5476145088802897 0.24871497161062747 2.198009643568804 -0.0009706143587759298 -1.9304070804435975 0.8647433596129971
1.5378317101837995 0.24897899143038688 2.198418578928184 -0.0007711935287154827 -1.9303234423650655 0.8473321283002362
1.52917264576213 0.24921268372017247 2.1987805405437735 -0.0005946798470902303 -1.9302494116574345 0.8319208969874753
1.5216373156152811 0.24941604847998422 2.1990955284155724 -0.0004410733139001699 -1.9301849883207045 0.8185096656747144
1.5152257197432528 0.2495890857098222 2.1993635425435816 -0.00031037392914530157 -1.9301301723548752 0.8070984343619536
1.5099378581460452 0.24973179540968632 2.1995845829278 -0.00020258169282562702 -1.930084963759947 0.7976872030491925
1.5057737308236585 0.24984417757957664 2.199758649568228 -0.00011769660494114452 -1.9300493625359199 0.7902759717364316
1.502733337776092 0.24992623221949314 2.199885742464866 -5.571866549185407e-05 -1.9300233686827937 0.7848647404236706
1.5008166790033466 0.24997795932943584 2.199965861617714 -1.664787447775741e-05 -1.9300069822005683 0.7814535091109096
1.5000237545054218 0.24999935890940472 2.1999990070267708 -4.842318988545341e-07 -1.9300002030892438 0.7800422777981486
1.5 0.25 2.1999999999999997 0.0 -1.9300000000000002 0.7799999999999999
1.4993734558984153 0.25029118602504385 2.1995443200315687 2.4597529437464334e-05 -1.9292549309073999 0.7809999999999999
1.4974938235936608 0.2511647441001755 2.1981772801262762 9.839011774985733e-05 -1.927019723629599 0.7839999999999999
1.4943611030857369 0.2526206742253948 2.1958988802841213 0.000221377764937179 -1.9232943781665974 0.7889999999999999
1.4899752943746432 0.25465897640070184 2.1927091205051052 0.00039356047099942934 -1.9180788945183955 0.7959999999999999
1.48433639746038 0.25727965062609665 2.188608000789227 0.0006149382359366082 -1.9113732726849928 0.8049999999999999
1.4774444123429473 0.26048269690157916 2.183595521136487 0.0008855110597487158 -1.9031775126663897 0.816
1.469299339022345 0.2642681152271494 2.177671681546885 0.001205278942435752 -1.893491614462586 0.829
1.459901177498573 0.26863590560280737 2.170836482020421 0.0015742418839977167 -1.8823155780735814 0.8439999999999999
1.4492499277716315 0.2735860680285531 2.1630899225570954 0.0019923998844346104 -1.8696494034993765 0.8609999999999999
1.4373455898415204 0.2791186025043865 2.154432003156908 0.002459752943746432 -1.855493090739971 0.8799999999999999
1.4241881637082396 0.2852335090303077 2.1448627238198585 0.002976301061933183 -1.8398466397953648 0.9009999999999999
1.4097776493717893 0.29193078760631663 2.1343820845459476 0.0035420442389948632 -1.8227100506655582 0.9239999999999999
1.3941140468321693 0.2992104382324133 2.1229900853351746 0.004156982474931472 -1.8040833233505509 0.949
1.37719735608938 0.30707246090859763 2.1106867261875397 0.00482111576974301 -1.783966457850343 0.976
1.3590275771434208 0.31551685563486975 2.0974720071030433 0.005534444123429476 -1.7623594541649343 1.005
1.339604709994292 0.3245436224112296 2.083345928081685 0.00629696753599087 -1.7392623122943254 1.036
1.3189287546419939 0.3341527612376772 2.0683084891234644 0.0071086860074271955 -1.7146750322385156 1.069
1.296999711086526 0.3443442721142125 2.052359690228382 0.007969599537738448 -1.6885976139975054 1.104
1.2738175793278885 0.3551181550408355 2.035499531396438 0.008879708126924629 -1.6610300575712946 1.141
1.2493823593660816 0.36647441001754627 2.0177280126276327 0.009839011774985735 -1.6319723629598832 1.1800000000000002
1.2236940512011047 0.37841303704434476 1.9990451339219648 0.010847510481921775 -1.6014245301632712 1.221
1.1967526548329586 0.390934036121231 1.9794508952794354 0.011905204247732741 -1.5693865591814586 1.2640000000000002
1.1685581702616425 0.4040374072482049 1.958945296700044 0.01301209307241864 -1.5358584500144454 1.3090000000000002
1.1391105974871572 0.41772315042526664 1.9375283381837909 0.014168176955979463 -1.5008402026622316 1.3560000000000003
1.1084099365095021 0.4319912656524161 1.9152000197306758 0.015373455898415217 -1.4643318171248174 1.4050000000000005
1.0764561873286775 0.4468417529296532 1.8919603413406991 0.0166279298997259 -1.4263332934022026 1.4560000000000004
1.0434140375477932 0.46219807378442324 1.867929078847032 0.017925133480218645 -1.3870404734833246 1.5087371492243038
1.011115755264308 0.47720868263076627 1.8444388245870618 0.019193133525607375 -1.3486322404273672 1.5602870436400187
0.9800705611839923 0.49163691942702153 1.8218599302639535 0.020411938512121173 -1.3117141455566101 1.6098369380557336
0.9502784553068462 0.505482784173189 1.800192395877707 0.02158154843976004 -1.2762861888710537 1.6573868324714487
0.9217394376328698 0.5187462768692689 1.7794362214283224 0.022701963308523983 -1.242348370370698 1.7029367268871636
0.8944535081620629 0.5314273975152609 1.7595914069157996 0.02377318311841299 -1.2099006900555427 1.7464866213028785
0.8684206668944257 0.5435261461111652 1.7406579523401386 0.024795207869427075 -1.1789431479255879 1.7880365157185936
0.843640913829958 0.5550425226569818 1.7226358577013396 0.02576803756156623 -1.1494757439808339 1.8275864101343084
0.8201142489686599 0.5659765271527107 1.7055251229994024 0.026691672194830457 -1.1214984782212802 1.8651363045500233
0.7978406723105315 0.5763281595983518 1.689325748234327 0.02756611176921975 -1.0950113506469275 1.9006861989657382
0.7768201838555726 0.5860974199939053 1.6740377334061132 0.028391356284734118 -1.070014361257775 1.934236093381453
0.7570527836037833 0.595284308339371 1.6596610785147614 0.029167405741373557 -1.0465075100538235 1.965785987797168
0.7385384715551636 0.6038888246347489 1.6461957835602716 0.029894260139138068 -1.0244907970350723 1.995335882212883
0.7212772477097136 0.611910968880039 1.6336418485426436 0.030571919478027648 -1.003964222201522 2.022885776628598
0.7052691120674331 0.6193507410752415 1.6219992734618773 0.031200383758042294 -0.984927785553172 2.0484356710443126
0.6905140646283223 0.6262081412203562 1.611268058317973 0.03177965297918202 -0.9673814870900226 2.0719855654600274
0.677012105392381 0.6324831693153833 1.6014482031109303 0.032309727141446816 -0.9513253268120738 2.093535459875742
0.6647632343596093 0.6381758253603225 1.5925397078407497 0.03279060624483668 -0.9367593047193257 2.113085354291457
0.6537674515300074 0.643286109355174 1.5845425725074307 0.033222290289351614 -0.9236834208117781 2.130635248707172
0.6440247569035747 0.6478140212999379 1.5774567971109736 0.03360477927499163 -0.912097675089431 2.146185143122887
0.6355351504803117 0.651759561194614 1.5712823816513786 0.03393807320175671 -0.9020020675522846 2.159735037538602
0.6282986322602184 0.6551227290392023 1.566019326128645 0.03422217206964686 -0.8933965982003387 2.171284931954317
0.6223152022432947 0.657903524833703 1.5616676305427735 0.03445707587866208 -0.8862812670335934 2.1808348263700315
0.6175848604295405 0.6601019485781159 1.5582272948937637 0.03464278462880238 -0.8806560740520487 2.1883847207857468
0.6141076068189559 0.661718000272441 1.5556983191816158 0.03477929832006775 -0.8765210192557045 2.1939346152014614
0.6118834414115408 0.6627516799166785 1.5540807034063298 0.034866616952458185 -0.873876102644561 2.1974845096171762
0.6109123642072954 0.6632029875108282 1.5533744475679054 0.0349047405259737 -0.8727213242186178 2.1990344040328913
0.610865 0.663225 1.55334 0.0349066 -0.872665 2.19911
0.6107983346065698 0.663825 1.5530066921313979 0.03470660038197097 -0.871665 2.19911
0.6105983384262796 0.6656249999999999 1.552006768525592 0.03410660152788388 -0.868665 2.19911
0.6102650114591291 0.6686249999999999 1.550340229182582 0.03310660343773873 -0.863665 2.19911
0.6097983537051184 0.672825 1.5480070741023682 0.03170660611153553 -0.856665 2.19911
0.6091983651642475 0.678225 1.5450073032849503 0.02990660954927426 -0.847665 2.19911
0.6084650458365164 0.6848249999999999 1.5413409167303285 0.027706613750954935 -0.836665 2.19911
0.6075983957219251 0.6926249999999999 1.5370079144385027 0.025106618716577545 -0.823665 2.19911
0.6065984148204736 0.7016249999999999 1.5320082964094728 0.0221066244461421 -0.808665 2.19911
0.605465103132162 0.7118249999999999 1.5263420626432391 0.0187066309396486 -0.7916650000000001 2.19911
0.6041984606569901 0.7232249999999999 1.5200092131398013 0.014906638197097036 -0.772665 2.19911
0.602798487394958 0.735825 1.5130097478991598 0.010706646218487412 -0.751665 2.19911
0.6013068237626056 0.7492502290935608 1.5055518570747128 0.006231578400713437 -0.7292896181773987 2.19911
0.5999225425240807 0.7617089981846908 1.498630847456098 0.002078663301816939 -0.7085250030255152 2.19911
0.5986715920724159 0.772967767275821 1.4923764535746873 -0.0016742525610214977 -0.6897603878736318 2.19911
0.5975539724076114 0.7830265363669511 1.4867886754304804 -0.005027169187801876 -0.6729957727217483 2.19911
0.5965696835296671 0.7918853054580811 1.4818675130234775 -0.007980086578524195 -0.6582311575698648 2.19911
0.5957187254385831 0.7995440745492112 1.4776129663536788 -0.010533004733188453 -0.6454665424179814 2.19911
0.5950010981343591 0.8060028436403412 1.4740250354210838 -0.012685923651794648 -0.6347019272660979 2.19911
0.5944168016169954 0.8112616127314713 1.471103720225693 -0.014438843334342786 -0.6259373121142144 2.19911
0.5939658358864919 0.8153203818226014 1.468849020767506 -0.01579176378083286 -0.619172696962331 2.19911
0.5936482009428485 0.8181791509137315 1.4672609370465228 -0.016744684991264875 -0.6144080818104476 2.19911
0.5934638967860655 0.8198379200048616 1.4663394690627438 -0.017297606965638836 -0.6116434666585642 2.19911
0.593412 0.8203050000000001 1.4660800000000003 -0.017453299999999998 -0.610865 2.19911
0.593412 0.8203050000000001 1.4660800000000003 -0.017453299999999998 -0.610865 2.19911
0.5934786653934302 0.819705 1.4664133078686024 -0.017253300381970968 -0.611865 2.19911
0.5936786615737204 0.8179050000000001 1.4674132314744082 -0.016653301527883878 -0.614865 2.19911
0.5940119885408709 0.8149050000000001 1.4690797708174181 -0.01565330343773873 -0.619865 2.19911
0.5944786462948817 0.810705 1.471412925897632 -0.014253306111535522 -0.626865 2.19911
0.5950786348357525 0.805305 1.47441269671505 -0.012453309549274254 -0.635865 2.19911
0.5958119541634836 0.7987050000000001 1.4780790832696717 -0.010253313750954928 -0.646865 2.19911
0.596678604278075 0.7909050000000001 1.4824120855614975 -0.007653318716577541 -0.659865 2.19911
0.5976785851795264 0.7819050000000001 1.4874117035905272 -0.004653324446142098 -0.674865 2.19911
0.5988118968678381 0.7717050000000001 1.493077937356761 -0.0012533309396485955 -0.691865 2.19911
0.6000785393430099 0.760305 1.4994107868601987 0.0025466618029029685 -0.710865 2.19911
0.601478512605042 0.7477050000000001 1.5064102521008405 0.0067466537815125925 -0.731865 2.19911
0.6029701762373945 0.7342797709064393 1.5138681429252874 0.011221721599286569 -0.7542403818226013 2.19911
0.6043544574759193 0.7218210018153092 1.5207891525439021 0.015374636698183066 -0.7750049969744848 2.19911
0.6056054079275841 0.7105622327241791 1.527043546425313 0.019127552561021503 -0.7937696121263682 2.19911
0.6067230275923886 0.7005034636330489 1.5326313245695196 0.02248046918780188 -0.8105342272782518 2.19911
0.6077073164703329 0.6916446945419189 1.5375524869765225 0.0254333865785242 -0.8252988424301352 2.19911
0.608558274561417 0.6839859254507888 1.5418070336463214 0.027986304733188458 -0.8380634575820186 2.19911
0.609275901865641 0.6775271563596588 1.5453949645789162 0.030139223651794653 -0.8488280727339022 2.19911
0.6098601983830046 0.6722683872685287 1.5483162797743073 0.03189214333434279 -0.8575926878857856 2.19911
0.6103111641135082 0.6682096181773985 1.5505709792324942 0.03324506378083286 -0.864357303037669 2.19911
0.6106287990571515 0.6653508490862685 1.5521590629534772 0.034197984991264876 -0.8691219181895524 2.19911
0.6108131032139346 0.6636920799951385 1.5530805309372562 0.034750906965638845 -0.8718865333414358 2.19911
0.610865 0.663225 1.55334 0.0349066 -0.872665 2.19911
0.6105872217169673 0.6629234120848888 1.5526336506132026 0.03489072694226301 -0.8722681735565752 2.1981100000000002
0.6097538868678692 0.6620186483395555 1.5505146024528105 0.03484310776905203 -0.8710776942263007 2.19511
0.6083649954527058 0.660510708764 1.5469828555188234 0.03476374248036706 -0.8690935620091764 2.1901100000000002
0.6064205474714771 0.6583995933582222 1.5420384098112419 0.034652631076208106 -0.8663157769052026 2.18311
0.603920542924183 0.6556853021222221 1.5356812653300653 0.03450977355657516 -0.8627443389143791 2.17411
0.6008649818108235 0.6523678350559999 1.527911422075294 0.034335169921468234 -0.8583792480367057 2.16311
0.5972538641313986 0.6484471921595554 1.518728880046928 0.034128820170887315 -0.8532205042721829 2.15011
0.5930871898859084 0.6439233734328887 1.5081336392449671 0.03389072430483241 -0.8472681076208103 2.13511
0.5883649590743528 0.6387963788759998 1.4961256996694117 0.03362088232330352 -0.840522058082588 2.11811
0.5830871716967319 0.6330662084888886 1.4827050613202613 0.033319294226300644 -0.832982355657516 2.09911
0.5772538277530456 0.6267328622715552 1.4678717241975163 0.03298596001382378 -0.8246490003455944 2.07811
0.5708649272432939 0.6197963402239997 1.4516256883011764 0.032620879685872926 -0.8155219921468231 2.05511
0.5639204701674768 0.6122566423462218 1.4339669536312416 0.032224053242448085 -0.805601331061202 2.03011
0.5564204565255945 0.6041137686382217 1.4148955201877123 0.03179548068354925 -0.7948870170887313 2.00311
0.5483648863176467 0.5953677190999995 1.394411387970588 0.03133516200917644 -0.783379050229411 1.97411
0.5397537595436336 0.586018493731555 1.3725145569798691 0.030843097219329638 -0.771077430483241 1.94311
0.530587076203555 0.5760660925328882 1.3492050272155551 0.030319286314008848 -0.7579821578502212 1.91011
0.5208648362974112 0.5655105155039992 1.3244827986776466 0.029763729293214074 -0.7440932323303517 1.8751099999999998
0.5105870398252019 0.5543517626448881 1.2983478713661434 0.02917642615694531 -0.7294106539236327 1.83811
0.4997536867869274 0.5425898339555546 1.2708002452810454 0.028557376905202558 -0.7139344226300639 1.7991099999999998
0.4883647771825874 0.530224729435999 1.2418399204223525 0.02790658153798582 -0.6976645384496454 1.7581099999999998
0.47642031101218213 0.5172564490862211 1.2114668967900648 0.027224040055295093 -0.6806010013823773 1.7151099999999997
0.46392028827571147 0.503684992906221 1.1796811743841824 0.02650975245713038 -0.6627438114282596 1.6701099999999998
0.45086470897317543 0.4895103608959987 1.1464827532047053 0.02576371874349168 -0.644092968587292 1.6231099999999996
0.437253573104574 0.4747325530555541 1.1118716332516332 0.024985938914378992 -0.6246484728594748 1.5741099999999997
0.42308688066990724 0.4593515693848873 1.0758478145249666 0.024176412969792317 -0.6044103242448079 1.5231099999999995
0.40836463166917514 0.4433674098839983 1.038411297024705 0.023335140909731655 -0.5833785227432914 1.4701099999999996
0.39308682610237766 0.42678007455288713 0.9995620807508486 0.022462122734197006 -0.5615530683549251 1.4151099999999994
0.37725346396951476 0.4095895633915536 0.9593001657033976 0.02155735844318837 -0.5389339610797093 1.3581099999999995
0.36086454527058653 0.3917958763999979 0.9176255518823517 0.020620848036705747 -0.5155212009176436 1.2991099999999993
0.34392007000559294 0.37339901357822 0.8745382392877111 0.019652591514749136 -0.49131478786872834 1.2381099999999992
0.326420038174534 0.35439897492621986 0.8300382279194758 0.01865258887731854 -0.46631472193296336 1.175109999999999
0.3083644497774097 0.3347957604439975 0.7841255177776456 0.01762084012441395 -0.4405210031103487 1.110109999999999
0.29014573628861323 0.31501543868123977 0.7377980044798024 0.01657976993006983 -0.4144942482517458 1.0445227507381374
0.27246843902677514 0.295822940377224 0.6928472331494698 0.01556963783116078 -0.38924094577901946 0.9808845963480827
0.25534669833100243 0.2772336179034305 0.649309160592732 0.014591251847725716 -0.36478129619314287 0.919246441958028
0.23878051420129504 0.2592474712598592 0.6071837868095891 0.013644611979764638 -0.3411152994941159 0.8596082875679731
0.22276988663765301 0.24186450044651012 0.5664711118000407 0.012729718227277548 -0.31824295568193867 0.8019701331779183
0.20731481564007637 0.22508470546338327 0.5271711355640872 0.011846570590264444 -0.29616426475661106 0.7463319787878636
0.19241530120856515 0.20890808631047875 0.4892838581017287 0.010995169068725332 -0.27487922671813325 0.6926938243978091
0.17807134334311925 0.1933346429877964 0.45280927941296495 0.010175513662660205 -0.2543878415665052 0.6410556700077545
0.16428294204373875 0.17836437549533632 0.41774739949779593 0.009387604372069067 -0.23469010930172665 0.5914175156177001
0.1510500973104236 0.16399728383309845 0.38409821835622165 0.008631441196951917 -0.21578602992379792 0.5437793612276455
0.1383728091431738 0.1502333680010828 0.35186173598824216 0.007907024137308752 -0.19767560343271876 0.498141206837591
0.1262510775419894 0.13707262799928938 0.3210379523938575 0.0072143531931395735 -0.1803588298284894 0.4545030524475363
0.1146849025068703 0.12451506382771815 0.2916268675730675 0.006553428364444383 -0.16383570911110956 0.4128648980574817
0.10367428403781659 0.11256067548636917 0.26362848152587237 0.005924249651223181 -0.14810624128057953 0.37322674366742703
0.0932192221348282 0.10120946297524241 0.23704279425227182 0.005326817053475964 -0.13317042633689907 0.33558858927737245
0.08331971679790523 0.09046142629433787 0.21186980575226622 0.004761130571202735 -0.11902826428006835 0.2999504348873179
0.07397576802704761 0.08031656544365551 0.18810951602585524 0.004227190204403491 -0.10567975511008726 0.2663122804972631
0.06518737582225534 0.07077488042319541 0.16576192507303922 0.003724995953078236 -0.0931248988269559 0.2346741261072085
0.056954540183528385 0.06183637123295754 0.1448270328938177 0.0032545478172269684 -0.08136369543067418 0.2050359717171537
0.04927726111086683 0.053501037872941914 0.12530483948819116 0.0028158457968496878 -0.07039614492124219 0.17739781732709914
0.042155538604270626 0.045768880343148466 0.10719534485615922 0.0024088898919463926 -0.06022224729865977 0.15175966293704435
0.03558937266373979 0.03863989864357725 0.09049854899772214 0.002033680102517083 -0.05084200256292715 0.12812150854698956
0.029578763289274335 0.032114092774228276 0.07521445191287968 0.0016902164285617638 -0.04225541071404404 0.106483354156935
0.024123710480874194 0.026191462735101534 0.06134305360163228 0.0013784988700804301 -0.03446247175201078 0.08684519976687999
0.019224214238539428 0.020872008526196972 0.048884354063979285 0.0010985274270730837 -0.027463185676827095 0.06920704537682543
0.01488027456226998 0.016155730147514646 0.03783835329992136 0.0008503020995397244 -0.021257552488493092 0.053568890986770645
0.01109189145206596 0.0120426275990545 0.02820505130945805 0.0006338228874803523 -0.015845572187008772 0.039930736596715644
0.00785906490792726 0.008532700880816646 0.01998444809258959 0.0004490897908949673 -0.011227244772374134 0.028292582206660866
0.005181794929853933 0.0056259499928009715 0.013176543649315753 0.00029610280978356607 -0.0074025702445891794 0.01865442781660609
0.0030600815178459806 0.003322374935007588 0.00778133797963676 0.00017486194414615547 -0.0043715486036539075 0.011016273426551315
0.001493924671903346 0.0016219757074363295 0.0037988310835525008 8.536719398272857e-05 -0.002134179849568263 0.0053781190364963205
0.00048332439202608546 0.0005247523100873619 0.0012290229610630865 2.7618559293292322e-05 -0.0006904639823323011 0.0017399646464415497
2.8280678214198662e-05 3.070474296057446e-05 7.191361216840608e-05 1.6160400778432449e-06 -4.040100194607765e-05 0.00010181025638678065
0.0 0.0 0.0 0.0 0.0 0.0
