0.0 0.0 0.0 0.0 0.0 0.0
0.0010000000000000002 9.629656351991991e-05 0.0009185210021263146 -7.40742469834776e-06 -0.0008222257118483656 0.000977777683463558
0.004000000000000001 0.00038518625407967964 0.0036740840085052583 -2.962969879339104e-05 -0.0032889028473934625 0.003911110733854232
0.009000000000000003 0.0008666690716792794 0.008266689019136832 -6.666682228512985e-05 -0.007400031406635293 0.008799999151172026
0.016000000000000004 0.0015407450163187186 0.014696336034021033 -0.00011851879517356417 -0.01315561138957385 0.01564444293541693
0.025 0.0024074140879979974 0.02296302505315786 -0.00018518561745869397 -0.02055564279620914 0.02444444208658895
0.036 0.003466676286717116 0.03306675607654732 -0.00026666728914051925 -0.02960012562654116 0.03519999660468809
0.048999999999999995 0.004718531612476075 0.0450075291041894 -0.0003629638102190401 -0.04028905988056991 0.04791110648971434
0.064 0.0061629800652748725 0.05878534413608411 -0.0004740751806942565 -0.05262244555829539 0.0625777717416677
0.08099999999999999 0.00780002164511351 0.07440020117223145 -0.0006000014005661683 -0.0666002826597176 0.07919999236054819
0.09999999999999998 0.009629656351991986 0.09185210021263142 -0.0007407424698347756 -0.08222257118483653 0.09777776834635578
0.12099999999999997 0.011651884185910306 0.11114104125728402 -0.0008962983885000785 -0.09948931113365221 0.1183110996990905
0.144 0.013866705146868464 0.13226702430618928 -0.001066669156562077 -0.11840050250616464 0.14079998641875235
0.169 0.016274119234866463 0.15523004935934717 -0.0012518547740207715 -0.1389561453023738 0.16524442850534132
0.19600000000000004 0.018874126449904303 0.18003011641675767 -0.001451855240876161 -0.16115623952227967 0.1916444259588574
0.22500000000000006 0.021666726791981984 0.2066672254784208 -0.0016666705571282462 -0.1850007851658823 0.21999997877930064
0.2560000000000001 0.024651920261099504 0.2351413765443366 -0.0018963007227770269 -0.21048978223318165 0.250311086966671
0.28900000000000015 0.027829706857256865 0.26545256961450503 -0.002140745737822503 -0.2376232307241778 0.2825777505209684
0.3240000000000002 0.03120008658045406 0.2976008046889261 -0.002400005602264675 -0.2664011306388706 0.31679996944219296
0.3610000000000002 0.0347630594306911 0.3315860817675997 -0.0026740803161035423 -0.29682348197726016 0.3529777437303447
0.40000000000000024 0.03851862540796797 0.3674084008505259 -0.002962969879339105 -0.32889028473934634 0.39111107338542345
0.4410000000000003 0.0424667845122847 0.4050677619377049 -0.0032666742919713635 -0.3626015389251294 0.4311999584074293
0.4840000000000003 0.04660753674364126 0.4445641650291364 -0.0035851935540003174 -0.3979572445346091 0.4732443987963624
0.5290000000000004 0.050940882102037656 0.48589761012482063 -0.003918527665425967 -0.4349574015677857 0.5172443945522226
0.5760000000000004 0.055466820587473896 0.5290680972247574 -0.004266676626248312 -0.47360201002465885 0.5631999456750097
0.6250000000000006 0.06018535219994998 0.5740756263289469 -0.004629640436467353 -0.5138910699052289 0.6111110521647243
0.6760000000000006 0.06509647693946591 0.6209201974373891 -0.0050074190960830885 -0.5558245812094955 0.6609777140213657
0.7290000000000006 0.07020019480602166 0.6696018105500837 -0.00540001260509552 -0.599402543937459 0.7127999312449343
0.7840000000000007 0.07549650579961725 0.7201204656670311 -0.005807420963504648 -0.6446249580891191 0.7665777038354301
0.8410000000000007 0.0809854099202527 0.7724761627882312 -0.00622964417131047 -0.691491823664476 0.822311031792853
0.9000000000000009 0.08666690716792798 0.8266689019136837 -0.006666682228512989 -0.7400031406635297 0.8799999151172031
0.961000000000001 0.09254099754264311 0.8826986830433889 -0.007118535135112202 -0.7901589090862801 0.9396443538084801
1.0240000000000011 0.09860768104439807 0.9405655061773468 -0.007585202891108113 -0.8419591289327271 1.0012443478666844
1.089000000000001 0.10486695767319286 1.0002693713155575 -0.008066685496500716 -0.8954038002028709 1.0647998972918158
1.1560000000000012 0.11131882742902752 1.0618102784580206 -0.008562982951290017 -0.9504929228967116 1.1303110020838742
1.2240843938301809 0.11787512058421065 1.1243472241080799 -0.009067312971719726 -1.0064736620794954 1.1968824029631677
1.2903779479396145 0.12425896202847099 1.185239245863192 -0.0095583774817712 -1.0609819267980827 1.261702760728856
1.3546715020490483 0.1304502103456915 1.2442942256140515 -0.010034627142425976 -1.113845740092973 1.3245675631276168
1.416965056158482 0.13644886553587213 1.3015121633606581 -0.010496061953684058 -1.165065101964167 1.3854768101594508
1.4772586102679157 0.14225492759901293 1.3568930591030124 -0.010942681915545444 -1.214640012411664 1.4444305018243575
1.535552164377349 0.14786839653511388 1.4104369128411136 -0.011374487028010133 -1.2625704714354642 1.501428638122337
1.5918457184867825 0.153289272344175 1.4621437245749624 -0.011791477291078127 -1.3088564790355675 1.5564712190533894
1.646139272596216 0.15851755502619624 1.5120134943045587 -0.012193652704749425 -1.3534980352119743 1.6095582446175145
1.6984328267056497 0.16355324458117768 1.560046222029902 -0.012581013269024027 -1.396495139964684 1.6606897148147124
1.748726380815083 0.16839634100911927 1.6062419077509928 -0.012953558983901933 -1.4378477932936975 1.7098656296449835
1.7970199349245164 0.17304684431002104 1.6506005514678312 -0.013311289849383146 -1.477555995199014 1.7570859891083273
1.84331348903395 0.17750475448388292 1.6931221531804168 -0.013654205865467662 -1.5156197456806337 1.8023507932047442
1.8876070431433836 0.181770071530705 1.7338067128887498 -0.013982307032155483 -1.5520390447385568 1.845660041934234
1.9299005972528172 0.18584279545048726 1.7726542305928301 -0.01429559334944661 -1.586813892372783 1.8870137352967964
1.9701941513622505 0.18972292624322967 1.8096647062926579 -0.014594064817341039 -1.6199442885833129 1.926411873292432
2.0084877054716843 0.1934104639089322 1.8448381399882332 -0.014877721435838771 -1.6514302333701458 1.9638544559211404
2.044781259581118 0.19690540844759494 1.878174531679556 -0.015146563204939812 -1.681271726733282 1.9993414831829215
2.0790748136905517 0.20020775985921782 1.9096738813666256 -0.015400590124644155 -1.7094687686727215 2.0328729550777758
2.111368367799985 0.2033175181438009 1.939336189049443 -0.015639802194951806 -1.7360213591884643 2.064448871605703
2.1416619219094186 0.20623468330134406 1.9671614547280076 -0.015864199415862756 -1.7609294982805102 2.094069232766703
2.170133983479174 0.20894936690678204 1.9932815051340156 -0.0160751583186361 -1.7843350388353343 2.1219257280139554
2.1973941203836658 0.21145288398513432 2.0181699218259 -0.016277304418903907 -1.8067208781177493 2.148657396449671
2.223598039692525 0.2137894580365593 2.0419396377722774 -0.01647175634114087 -1.8281581683053867 2.1743903391861243
2.2484674031052228 0.21599694034968375 2.064234507199381 -0.01665648001404958 -1.8482599195549136 2.1987902437297753
2.271516284511571 0.21805458232185337 2.0843203673045205 -0.016827874376260835 -1.8663256991417647 2.2213262682472097
2.292223951703428 0.21986431184036198 2.1012005515379193 -0.016981769883047615 -1.8814757857462154 2.241459738093301
2.3101600417798567 0.2212640045045893 2.113757957286144 -0.017114155397512695 -1.8927786832882305 2.2587664303546973
2.325065817143293 0.22206544952208077 2.1209166279341365 -0.01722187040664891 -1.8993725851136114 2.2730036593335674
2.3368943555680617 0.2221037369831439 2.121803976136122 -0.017303332406353785 -1.90057553593913 2.284134363931676
2.3458133383296893 0.2212818425470259 2.1158863066603395 -0.01735948751202825 -1.8959735741264314 2.2923192972049735
2.3521765679610036 0.21959617282957852 2.1030516195053677 -0.0173924321286126 -1.8854749353499412 2.2978894944723467
2.356470821596335 0.21713573596511104 2.083621946121733 -0.01740836211367097 -1.869321522400654 2.301298417223542
2.3592499058087815 0.21405735172846266 2.058301999746807 -0.01741339091161724 -1.8480600282351014 2.303072010468165
2.361064033003889 0.21054683330956103 2.0280788715511546 -0.017413913905649513 -1.822479977365518 2.3037479389462256
2.3624134139770545 0.2067790809830849 1.994113242649687 -0.01741510399780822 -1.793545113861663 2.3038345363165935
2.363774302616936 0.20288482671056784 1.9576671915775155 -0.017420280054562025 -1.762356181893364 2.3038339259590344
2.3651688761625658 0.19903375014884214 1.9205176947638052 -0.01742909930924842 -1.7304549084169163 2.303832942595211
2.366454499883914 0.19557481401677268 1.8863979421232626 -0.017439463163173102 -1.7010819798408792 2.3038317508996045
2.3675895054965355 0.1925006396539995 1.8562421810864134 -0.017447987160469646 -1.6751366525976938 2.303830712333038
2.368565878068972 0.18974708311999217 1.8301420740376237 -0.017452469303140428 -1.6527666749805356 2.303830119815582
2.3694081393412434 0.1872537197881483 1.8074564935102155 -0.0174532998407372 -1.6334163422702301 2.3038300002469967
2.3701639711536764 0.18498709337878044 1.7870568404090241 -0.0174533 -1.616038714764015 2.30383
2.370845700872479 0.18294268512697634 1.7686571661427872 -0.0174533 -1.600364788016083 2.30383
2.3714533282230614 0.18112049909739444 1.7522574918765503 -0.0174533 -1.5863945791189276 2.30383
2.371986853205424 0.17952053529003478 1.7378578176103134 -0.0174533 -1.5741280880725488 2.30383
2.3724462758195664 0.17814279370489736 1.7254581433440763 -0.0174533 -1.5635653148769468 2.30383
2.3728315960654887 0.17698727434198214 1.7150584690778394 -0.0174533 -1.5547062595321215 2.30383
2.373142813943191 0.17605397720128912 1.7066587948116025 -0.0174533 -1.5475509220380728 2.30383
2.373379929452674 0.17534290228281837 1.7002591205453654 -0.0174533 -1.5420993023948009 2.30383
2.3735429425939363 0.1748540495865698 1.6958594462791285 -0.0174533 -1.5383514006023056 2.30383
2.3736318533669785 0.1745874191125435 1.6934597720128917 -0.0174533 -1.536307216660587 2.30383
2.37365 0.174533 1.6929700000000003 -0.0174533 -1.5358899999999998 2.30383
2.37365 0.174533 1.6929700000000003 -0.0174533 -1.5358899999999998 2.30383
2.37361294881589 0.1746441111111111 1.6939700000000002 -0.0174533 -1.536741858925388 2.30383
2.37350179526356 0.17497744444444444 1.6969700000000003 -0.0174533 -1.5392974357015532 2.30383
2.37331653934301 0.175533 1.7019700000000002 -0.0174533 -1.5435567303284947 2.30383
2.37305718105424 0.17631077777777776 1.7089700000000003 -0.0174533 -1.549519742806213 2.30383
2.37272372039725 0.17731077777777776 1.7179700000000002 -0.0174533 -1.5571864731347083 2.30383
2.37231615737204 0.178533 1.7289700000000003 -0.0174533 -1.5665569213139798 2.30383
2.3718344919786096 0.17997744444444444 1.7419700000000002 -0.0174533 -1.5776310873440282 2.30383
2.3712787242169595 0.18164411111111112 1.7569700000000004 -0.0174533 -1.5904089712248533 2.30383
2.3706488540870896 0.183533 1.7739700000000003 -0.0174533 -1.604890572956455 2.30383
2.3699448815889994 0.18564411111111112 1.7929700000000004 -0.0174533 -1.6210758925388336 2.30383
2.369153877714944 0.18798072012627662 1.8142678001439827 -0.01745239346400108 -1.63924643906392 2.3038301375078327
2.368220978865295 0.19057170733142062 1.8390538794117117 -0.017447356384802704 -1.6605125141530803 2.303823337924304
2.3670787330864487 0.1934777321986069 1.8680487075904504 -0.017436931208576215 -1.6855044262978012 2.3037384027529497
2.3656200852069422 0.196772515283811 1.9012446692098497 -0.017421482538478365 -1.7141429502922416 2.3033725540607906
2.3636751443184085 0.20051079295477603 1.9380208645700874 -0.01740120514510371 -1.7457790608309716 2.302363055504337
2.3610335225277876 0.2045951545186152 1.9765062922462389 -0.0173740546850303 -1.7787099768129901 2.300195491490265
2.357480805828087 0.20863070095746253 2.012941073843162 -0.017333714529507303 -1.809704338495584 2.296240747412732
2.352664580067219 0.21248082056376577 2.04619597608554 -0.01727162353472684 -1.837802304284417 2.2898109910353432
2.346216770016809 0.2160195057983284 2.0755245805733065 -0.01717778146997253 -1.8623994703989935 2.2802275533602
2.3378038947011377 0.2191355581389551 2.1004284425238247 -0.017042264108906822 -1.8831150601185445 2.266892518576402
2.327170638538112 0.2217612370035003 2.1207158102823898 -0.01685688819169703 -1.8998224601239726 2.2493574814492723
2.3141793036311213 0.22388944669458405 2.1365176910429264 -0.016616598125043815 -1.9126496725066493 2.2273836716913644
2.2988392522369385 0.2255743320804735 2.1482567062188664 -0.016320334113583856 -1.9219498755948472 2.200987775253095
2.2813208219136927 0.22691512281985948 2.156573169124675 -0.01597130713456975 -1.928246292418423 2.170467223146178
2.2619491065532307 0.22802821582798746 2.1622223667186686 -0.015576745363605999 -1.932159957792228 2.136397585754107
2.2411742423804353 0.22901605369118305 2.1659633305773354 -0.015147201480380634 -1.9343317224687275 2.0995933469169104
2.2195160634041344 0.22994239305675773 2.1684606705697944 -0.01469541697277851 -1.935350118003554 2.061022123782824
2.1974817161222315 0.2308221960483811 2.170218082912834 -0.014234580461172383 -1.9356951575147907 2.0216618014079533
2.175454573170407 0.2316314384292511 2.1715569994390167 -0.013775686595109466 -1.9357059928637645 1.9822904620508042
2.153551424496666 0.23233873324602908 2.1726486321647225 -0.013323652996026664 -1.935578553871268 1.9432004803178013
2.1314431657152815 0.23295847840280526 2.173604655490554 -0.012871869816525466 -1.935398459078011 1.9038299792898405
2.1084065924020394 0.23358022035922643 2.1745677105057655 -0.012402273770039964 -1.9352015747163398 1.8628299999999998
2.0842463054933944 0.23423226225366348 2.175577645997257 -0.011909770078683315 -1.9349950162419693 1.8198299999999996
2.058962284309929 0.23491463167807433 2.1766345552325395 -0.011394359238891476 -1.9347788503966978 1.7748299999999997
2.032554528851643 0.23562732863245903 2.1777384382116116 -0.010856041250664441 -1.9345530771805255 1.7278299999999995
2.0050230391185364 0.2363703531168175 2.1788892949344745 -0.010294816114002212 -1.934317696593452 1.6788299999999996
1.976367815110609 0.23714370513114982 2.1800871254011276 -0.009710683828904793 -1.9340727086354779 1.6278299999999994
1.9465888568278609 0.23794738467545593 2.181331929611571 -0.00910364439537218 -1.9338181133066026 1.5748299999999995
1.915863446411451 0.23877660722943575 2.1826162969118235 -0.008477311682281947 -1.9335554262812367 1.5201455232426933
1.8858534307681885 0.23958652258872384 2.183870759659429 -0.007865562180388027 -1.9332988555264874 1.4667342919299322
1.8569671493997466 0.24036611041803813 2.185078248663244 -0.007276719826929302 -1.9330518921426392 1.4153230606171712
1.8292046023061252 0.24111537071737857 2.186238763923269 -0.006710784621905768 -1.932814536129692 1.3659118293044104
1.8025657894873248 0.24183430348674523 2.1873523054395037 -0.006167756565317428 -1.9325867874876457 1.3185005979916493
1.777050710943345 0.24252290872613805 2.188418873211948 -0.00564763565716428 -1.9323686462165004 1.2730893666788885
1.7526593666741859 0.24318118643555706 2.1894384672406018 -0.005150421897446326 -1.932160112316256 1.2296781353661275
1.7293917566798473 0.24380913661500223 2.190411087525465 -0.004676115286163565 -1.9319611857869126 1.1882669040533664
1.7070343514008417 0.24438766415132734 2.191311427185719 -0.0042211065573238725 -1.931759853392756 1.1484905331257498
1.6848067050058468 0.24486437737599331 2.1920711481882473 -0.0037716637570780033 -1.9315194742641 1.1090070406446702
1.6623773165866285 0.24525450948642896 2.192712496399065 -0.003320792087712145 -1.931239408209977 1.0692280417622888
1.6399070602054522 0.2456161250606705 2.1933144897239423 -0.002869904348230771 -1.9309463756838967 1.0294045973870323
1.6178406673011474 0.24600851872880272 2.1939566677332447 -0.002425978915981159 -1.930673427955522 0.9902816233445886
1.5967432144371418 0.24646698226967795 2.194685125353813 -0.0019990785385355253 -1.9304463798538103 0.952826217139282
1.5771779928600658 0.24699371474608925 2.1955005095556936 -0.0016002036872051156 -1.9302775611036345 0.918021956275359
1.559431528978017 0.2476302261618268 2.1962137223735496 -0.0012322464558951042 -1.9299477606682665 0.8870186231975095
1.5434455796447701 0.24849887689052158 2.1964631902335316 -0.0008878056355868778 -1.9289811168554536 0.8610692018318475
1.5290669286362966 0.24971961657968017 2.195949373132084 -0.0005586740146439058 -1.9269620133052552 0.8410519444379478
1.5159794836916636 0.25142860099647807 2.19438919857773 -0.00023305855329149958 -1.9234715383957521 0.827555583238143
1.5037551336288837 0.2537612619187478 2.1915495328148578 0.00010286352909998984 -1.918138271040438 0.820839410797948
1.4919165268070298 0.256833807626511 2.187275680157622 0.00046304227829623446 -1.9106856708188211 0.8208205358437796
1.4800037753051236 0.2607263417509365 2.181511990930814 0.00085957265184924 -1.9009700247896004 0.8270875617051867
1.4676353141174494 0.26546928380478596 2.1743095589386594 0.0013009194491396712 -1.889002420824949 0.8389417381044801
1.4545522693628847 0.2710341790457313 2.16581573548576 0.0017906819961434467 -1.8749484931606162 0.8554675582550451
1.44063647780665 0.27733120404996925 2.156242854782176 0.0023272393918867085 -1.8591009810589976 0.8756338961923403
1.42589454535846 0.28421852116694857 2.145818561948414 0.0029046238238093006 -1.8418220594320396 0.8984244220706676
1.410402941735536 0.29153189432301485 2.1347253982053522 0.0035149487652010097 -1.823454215714994 0.922993293141032
1.3942108103930648 0.2991451210330438 2.123040466798312 0.004152690810304953 -1.8041994137176673 0.9488403655144065
1.3771974296685012 0.30707236863821397 2.1106864643431926 0.004821112163318156 -1.7839662881317928 0.9759999236147836
1.3590275771434208 0.31551685563486975 2.0974720071030433 0.005534444123429476 -1.7623594541649343 1.005
1.339604709994292 0.3245436224112296 2.083345928081685 0.00629696753599087 -1.7392623122943254 1.036
1.3189287546419939 0.3341527612376772 2.0683084891234644 0.0071086860074271955 -1.7146750322385156 1.069
1.296999711086526 0.3443442721142125 2.052359690228382 0.007969599537738448 -1.6885976139975054 1.104
1.2738175793278885 0.3551181550408355 2.035499531396438 0.008879708126924629 -1.6610300575712946 1.141
1.2493823593660816 0.36647441001754627 2.0177280126276327 0.009839011774985735 -1.6319723629598832 1.1800000000000002
1.2236940512011047 0.37841303704434476 1.9990451339219648 0.010847510481921775 -1.6014245301632712 1.221
1.1967526548329586 0.390934036121231 1.9794508952794354 0.011905204247732741 -1.5693865591814586 1.2640000000000002
1.1685581702616425 0.4040374072482049 1.958945296700044 0.01301209307241864 -1.5358584500144454 1.3090000000000002
1.1391105974871572 0.41772315042526664 1.9375283381837909 0.014168176955979463 -1.5008402026622316 1.3560000000000003
1.1084099365095021 0.4319912656524161 1.9152000197306758 0.015373455898415217 -1.4643318171248174 1.4050000000000005
1.0764561873286775 0.4468417529296532 1.8919603413406991 0.0166279298997259 -1.4263332934022026 1.4560000000000004
1.0434140375477932 0.46219807378442324 1.867929078847032 0.017925133480218645 -1.3870404734833246 1.5087371492243038
1.011115755264308 0.47720868263076627 1.8444388245870618 0.019193133525607375 -1.3486322404273672 1.5602870436400187
0.9800705611839923 0.49163691942702153 1.8218599302639535 0.020411938512121173 -1.3117141455566101 1.6098369380557336
0.9502784553068462 0.505482784173189 1.800192395877707 0.02158154843976004 -1.2762861888710537 1.6573868324714487
0.9217394376328698 0.5187462768692689 1.7794362214283224 0.022701963308523983 -1.242348370370698 1.7029367268871636
0.8944535081620629 0.5314273975152609 1.7595914069157996 0.02377318311841299 -1.2099006900555427 1.7464866213028785
0.8684206668944257 0.5435261461111652 1.7406579523401386 0.024795207869427075 -1.1789431479255879 1.7880365157185936
0.843640913829958 0.5550425226569818 1.7226358577013396 0.02576803756156623 -1.1494757439808339 1.8275864101343084
0.8201142489686599 0.5659765271527107 1.7055251229994024 0.026691672194830457 -1.1214984782212802 1.8651363045500233
0.7978406723105315 0.5763281595983518 1.689325748234327 0.02756611176921975 -1.0950113506469275 1.9006861989657382
0.7768201838555726 0.5860974199939053 1.6740377334061132 0.028391356284734118 -1.070014361257775 1.934236093381453
0.7570527836037833 0.595284308339371 1.6596610785147614 0.029167405741373557 -1.0465075100538235 1.965785987797168
0.7384106673290747 0.6039315925633267 1.6460750575101268 0.029898144851897915 -1.0243280848200695 1.9955408481306547
0.7204565170753494 0.6122053988433407 1.6328898864810344 0.030596498138926346 -1.0029217347417885 2.024200358826814
0.7030725759906986 0.620215902565932 1.6200250875322655 0.03125547522305963 -0.9820915081702084 2.051941858570453
0.6864406602092701 0.6280298103172592 1.6076205208395302 0.03183362814298889 -0.9618929470676555 2.0784458462870457
0.6708798733245263 0.6357300906561743 1.5958541310758823 0.03225211102233945 -0.9423932176761878 2.103155652494945
0.6567275293493747 0.6434584348369388 1.5848383200643434 0.032398701453282164 -0.9235279096224656 2.125470816198328
0.6442574456613901 0.6514369992976948 1.5745743004894024 0.032137946138243514 -0.9050367616075955 2.1448816126151993
0.6336305104529624 0.6599680919453258 1.564946494558194 0.031325456318891054 -0.8864609544921513 2.161052869312148
0.6248729039981327 0.6694134198599256 1.5557428066437051 0.02982361792285643 -0.8671863044848657 2.1738655889446212
0.6178774665688073 0.68015752319113 1.5466907318328182 0.027516010011991637 -0.8465183933964344 2.1834245325269404
0.6124235051568049 0.6925618590635095 1.5375020596999691 0.024318611005996235 -0.823776658765516 2.1900388529208277
0.6082099460852998 0.7069161880309728 1.5279196016297691 0.020187078572540595 -0.7983944192348114 2.194181581843878
0.6049263311064185 0.7231346682706273 1.5179231877399324 0.015201988256626537 -0.7704640412937144 2.1964436129330074
0.602403637504455 0.7397733803658497 1.5083255073816397 0.009869750492987382 -0.7424270962952666 2.197493015935272
0.6004166379866002 0.7560338690068182 1.4994494609360245 0.004494937401071306 -0.71551235527066 2.197895543308409
0.598749315377298 0.7712505058812258 1.491482179386675 -0.0006469781836476706 -0.6906647377993754 2.1981240832083664
0.5972829751277238 0.7847884229463142 1.484581576376318 -0.005287799061183966 -0.6687572490208864 2.19843318467603
0.5960637848814533 0.7960830581558277 1.4788918135515647 -0.009196745064847233 -0.6505520673216678 2.198745096064667
0.5951167038231566 0.8048361262082256 1.474444814157475 -0.01222890351870076 -0.6364041406228297 2.19897755471984
0.5944329399141477 0.811098030490996 1.4711614655679726 -0.014374061055375085 -0.6261747832058999 2.199090449018188
0.593965835868757 0.8153203817858032 1.4688490205783307 -0.01579176392206982 -0.6191726967462963 2.199110000189326
0.5936482009428485 0.8181791509137315 1.4672609370465228 -0.016744684991264875 -0.6144080818104476 2.19911
0.5934638967860655 0.8198379200048616 1.4663394690627438 -0.017297606965638836 -0.6116434666585642 2.19911
0.593412 0.8203050000000001 1.4660800000000003 -0.017453299999999998 -0.610865 2.19911
0.593412 0.8203050000000001 1.4660800000000003 -0.017453299999999998 -0.610865 2.19911
0.5934786653934302 0.819705 1.4664133078686024 -0.017253300381970968 -0.611865 2.19911
0.5936786615737204 0.8179050000000001 1.4674132314744082 -0.016653301527883878 -0.614865 2.19911
0.5940284493190487 0.8147301322587379 1.469127971428718 -0.015578463036446846 -0.6201044445897527 2.199080029335388
0.5945958959014569 0.8094949406101252 1.471836263969252 -0.013776277230732822 -0.6286177653328697 2.198960154478969
0.5954119464604194 0.8016639487910129 1.4756613889473793 -0.011045592436975985 -0.6411142354763691 2.198619150005341
0.5964345300694793 0.7910923614867792 1.4805680904515912 -0.0073915087425390075 -0.6577173998119719 2.1979054751849603
0.5975443735878477 0.7779359611310055 1.486292642557798 -0.002954644993863884 -0.6779883759012144 2.1965483569321744
0.5985530115607758 0.7625809942754683 1.4923517075201258 0.0020304705310646744 -0.701011029674775 2.1941341093448696
0.599219560503264 0.7455560610727048 1.4980578593913 0.007287236948319051 -0.7255033602075934 2.190101493696276
0.5992732668929939 0.7274468437097152 1.5025584989467726 0.012538134181237191 -0.7499503007485769 2.1837726805421407
0.5984389828783582 0.7088268973047691 1.5049045835001753 0.017530303359134795 -0.7727499760183617 2.1744190690470684
0.5964402053392319 0.6904108859434934 1.504021034830996 0.021986499293969914 -0.7920143029068392 2.1613440515016875
0.5929892230272589 0.6733452940650977 1.4986354904953367 0.025512331723196387 -0.8051743149107555 2.143979625832838
0.5880039750680481 0.6575563641395616 1.4884976860925263 0.028111590198055116 -0.8120511541481613 2.1220606920834117
0.5815017435742439 0.6428059286903212 1.473762890977562 0.029867363028285656 -0.8130623506430986 2.095628534861959
0.5735880095319427 0.62886868033221 1.4548830389903156 0.030891504111627097 -0.8089155363139137 2.065037570775367
0.56445515922695 0.6155540842956243 1.4325548752663804 0.03131664348143174 -0.8005322516974701 2.030930551022029
0.5543718543582655 0.6027168182761296 1.4076390755853125 0.031286315529661636 -0.7889547101978219 1.9941731274979089
0.5436592990785285 0.5902568691576936 1.3810558819015288 0.030943345456284424 -0.775239311608146 1.9557460766159143
0.5326495432055791 0.578108072279978 1.3536593856499481 0.030416943068918272 -0.7603398948876773 1.9165933599683114
0.5216204722459133 0.5662100080453978 1.3260884358556975 0.029809428826865998 -0.7449840586206832 1.8774229422057138
0.5107025949480493 0.55445388672483 1.2985888239047756 0.029184223466039366 -0.7295475636431568 1.838455000664667
0.49975366140131033 0.5425898163984166 1.2708002063322563 0.028557378230189938 -0.7139343977087704 1.799110024984722
0.4883647771825874 0.530224729435999 1.2418399204223525 0.02790658153798582 -0.6976645384496454 1.7581099999999998
0.47642031101218213 0.5172564490862211 1.2114668967900648 0.027224040055295093 -0.6806010013823773 1.7151099999999997
0.46392028827571147 0.503684992906221 1.1796811743841824 0.02650975245713038 -0.6627438114282596 1.6701099999999998
0.45086470897317543 0.4895103608959987 1.1464827532047053 0.02576371874349168 -0.644092968587292 1.6231099999999996
0.437253573104574 0.4747325530555541 1.1118716332516332 0.024985938914378992 -0.6246484728594748 1.5741099999999997
0.42308688066990724 0.4593515693848873 1.0758478145249666 0.024176412969792317 -0.6044103242448079 1.5231099999999995
0.40836463166917514 0.4433674098839983 1.038411297024705 0.023335140909731655 -0.5833785227432914 1.4701099999999996
0.39308682610237766 0.42678007455288713 0.9995620807508486 0.022462122734197006 -0.5615530683549251 1.4151099999999994
0.37725346396951476 0.4095895633915536 0.9593001657033976 0.02155735844318837 -0.5389339610797093 1.3581099999999995
0.36086454527058653 0.3917958763999979 0.9176255518823517 0.020620848036705747 -0.5155212009176436 1.2991099999999993
0.34392007000559294 0.37339901357822 0.8745382392877111 0.019652591514749136 -0.49131478786872834 1.2381099999999992
0.326420038174534 0.35439897492621986 0.8300382279194758 0.01865258887731854 -0.46631472193296336 1.175109999999999
0.3083644497774097 0.3347957604439975 0.7841255177776456 0.01762084012441395 -0.4405210031103487 1.110109999999999
0.29014573628861323 0.31501543868123977 0.7377980044798024 0.01657976993006983 -0.4144942482517458 1.0445227507381374
0.27246843902677514 0.295822940377224 0.6928472331494698 0.01556963783116078 -0.38924094577901946 0.9808845963480827
0.25534669833100243 0.2772336179034305 0.649309160592732 0.014591251847725716 -0.36478129619314287 0.919246441958028
0.23878051420129504 0.2592474712598592 0.6071837868095891 0.013644611979764638 -0.3411152994941159 0.8596082875679731
0.22276988663765301 0.24186450044651012 0.5664711118000407 0.012729718227277548 -0.31824295568193867 0.8019701331779183
0.20731481564007637 0.22508470546338327 0.5271711355640872 0.011846570590264444 -0.29616426475661106 0.7463319787878636
0.19241530120856515 0.20890808631047875 0.4892838581017287 0.010995169068725332 -0.27487922671813325 0.6926938243978091
0.17807134334311925 0.1933346429877964 0.45280927941296495 0.010175513662660205 -0.2543878415665052 0.6410556700077545
0.16428294204373875 0.17836437549533632 0.41774739949779593 0.009387604372069067 -0.23469010930172665 0.5914175156177001
0.1510500973104236 0.16399728383309845 0.38409821835622165 0.008631441196951917 -0.21578602992379792 0.5437793612276455
0.1383728091431738 0.1502333680010828 0.35186173598824216 0.007907024137308752 -0.19767560343271876 0.498141206837591
0.1262510775419894 0.13707262799928938 0.3210379523938575 0.0072143531931395735 -0.1803588298284894 0.4545030524475363
0.1146849025068703 0.12451506382771815 0.2916268675730675 0.006553428364444383 -0.16383570911110956 0.4128648980574817
0.10367428403781659 0.11256067548636917 0.26362848152587237 0.005924249651223181 -0.14810624128057953 0.37322674366742703
0.0932192221348282 0.10120946297524241 0.23704279425227182 0.005326817053475964 -0.13317042633689907 0.33558858927737245
0.08331971679790523 0.09046142629433787 0.21186980575226622 0.004761130571202735 -0.11902826428006835 0.2999504348873179
0.07397576802704761 0.08031656544365551 0.18810951602585524 0.004227190204403491 -0.10567975511008726 0.2663122804972631
0.06518737582225534 0.07077488042319541 0.16576192507303922 0.003724995953078236 -0.0931248988269559 0.2346741261072085
0.056954540183528385 0.06183637123295754 0.1448270328938177 0.0032545478172269684 -0.08136369543067418 0.2050359717171537
0.04927726111086683 0.053501037872941914 0.12530483948819116 0.0028158457968496878 -0.07039614492124219 0.17739781732709914
0.042155538604270626 0.045768880343148466 0.10719534485615922 0.0024088898919463926 -0.06022224729865977 0.15175966293704435
0.03558937266373979 0.03863989864357725 0.09049854899772214 0.002033680102517083 -0.05084200256292715 0.12812150854698956
0.029578763289274335 0.032114092774228276 0.07521445191287968 0.0016902164285617638 -0.04225541071404404 0.106483354156935
0.024123710480874194 0.026191462735101534 0.06134305360163228 0.0013784988700804301 -0.03446247175201078 0.08684519976687999
0.019224214238539428 0.020872008526196972 0.048884354063979285 0.0010985274270730837 -0.027463185676827095 0.06920704537682543
0.01488027456226998 0.016155730147514646 0.03783835329992136 0.0008503020995397244 -0.021257552488493092 0.053568890986770645
0.01109189145206596 0.0120426275990545 0.02820505130945805 0.0006338228874803523 -0.015845572187008772 0.039930736596715644
0.00785906490792726 0.008532700880816646 0.01998444809258959 0.0004490897908949673 -0.011227244772374134 0.028292582206660866
0.005181794929853933 0.0056259499928009715 0.013176543649315753 0.00029610280978356607 -0.0074025702445891794 0.01865442781660609
0.0030600815178459806 0.003322374935007588 0.00778133797963676 0.00017486194414615547 -0.0043715486036539075 0.011016273426551315
0.001493924671903346 0.0016219757074363295 0.0037988310835525008 8.536719398272857e-05 -0.002134179849568263 0.0053781190364963205
0.00048332439202608546 0.0005247523100873619 0.0012290229610630865 2.7618559293292322e-05 -0.0006904639823323011 0.0017399646464415497
2.8280678214198662e-05 3.070474296057446e-05 7.191361216840608e-05 1.6160400778432449e-06 -4.040100194607765e-05 0.00010181025638678065
0.0 0.0 0.0 0.0 0.0 0.0
