0 0
0 691634582
0 979604806
1 204219377
1 395377803
1 565791902
1 721608299
1 865502128
1 998385665
2 124819791
2 245117523
2 360721279
2 471814217
2 579639927
2 684294500
2 785871197
2 884460538
2 981107280
3 75849699
3 168725318
3 259770921
3 349022566
3 436515600
3 522284676
3 607204554
3 691283640
3 777910407
3 866278372
3 956422533
4 48378592
4 142182967
4 237872811
4 335486020
4 435061255
4 537716547
4 643130612
4 752034580
4 864238447
4 980998240
5 102498950
5 230197417
5 365751913
5 509645742
5 663919403
5 833667078
6 23238856
6 245472241
6 536850471
7 229723909
7 229723909
7 844723996
8 191769423
8 462102341
8 747672836
9 111953681
9 984644994
0 0
0 615000123
0 962045607
1 232378609
1 517949384
1 882230328
2 754921693
2 754921693
3 481875550
3 888709185
4 207690396
4 484993662
4 732845686
4 959761127
5 167318864
5 381363424
5 612345028
5 864529700
6 147878164
6 476979987
6 903565275
7 930519132
7 930519132
8 476847241
8 782517597
9 19855699
9 225404233
9 405772335
9 572029576
9 727379094
9 873809051
10 12881847
10 145322523
10 272595410
10 395566883
10 519096693
10 647642309
10 781720016
10 923461129
11 72525220
11 231006444
11 401426857
11 587884430
11 796140121
12 37670155
12 351293125
13 103051350
13 103051350
13 668637546
13 985694880
14 318179457
15 116959459
0 0
0 565586271
0 882643869
1 215128765
2 13908887
2 13908887
2 588632867
2 911007790
3 163906054
3 382782513
3 575234011
3 752574783
3 918799763
4 75526320
4 224751543
4 367140677
4 503961582
4 635454107
4 763218982
4 887226311
5 8148387
5 126137106
5 241800980
5 362161272
5 486149275
5 613656194
5 745977960
5 883306690
6 27243962
6 178677103
6 339121690
6 509586117
6 694074303
6 895816167
7 121711999
7 391945036
7 736784690
8 552177660
0 0
0 10000271
0 0
0 100000000
0 200000000
0 300000000
0 400000000
0 500000000
0 600000000
0 700000000
0 800000000
0 900000000
1 0
1 100000000
1 200000000
1 300000000
1 400000000
1 500000000
1 600000000
1 700000000
1 800000000
1 900000000
2 0
2 100000000
2 200000000
2 300000000
2 400000000
2 500000000
2 600000000
2 700000000
2 800000000
2 900000000
3 0
3 100000000
3 200000000
3 300000000
3 400000000
3 500000000
3 600000000
3 700000000
3 800000000
3 900000000
4 0
4 100000000
4 200000000
4 300000000
4 400000000
4 500000000
4 600000000
4 700000000
4 800000000
4 900000000
5 0
5 100000000
5 200000000
5 300000000
5 400000000
5 500000000
5 600000000
5 700000000
5 800000000
5 900000000
6 0
6 100000000
6 200000000
6 300000000
6 400000000
6 500000000
6 600000000
6 700000000
6 800000000
6 900000000
7 0
7 100000000
7 200000000
7 300000000
7 400000000
7 500000000
7 600000000
7 700000000
7 800000000
7 900000000
8 0
8 100000000
8 200000000
8 300000000
8 400000000
8 500000000
8 569983713
0 0
0 100000000
0 200000000
0 300000000
0 400000000
0 500000000
0 600000000
0 700000000
0 800000000
0 900000000
1 0
1 100000000
1 200000000
1 300000000
1 400000000
1 500000000
1 600000000
1 700000000
1 800000000
1 900000000
2 0
2 100000000
2 200000000
2 300000000
2 400000000
2 500000000
2 600000000
2 700000000
2 800000000
2 900000000
3 0
3 100000000
3 200000000
3 300000000
3 400000000
3 500000000
3 600000000
3 700000000
3 800000000
3 900000000
4 0
4 100000000
4 200000000
4 300000000
4 400000000
4 500000000
4 600000000
4 700000000
4 800000000
4 900000000
5 0
5 100000000
5 200000000
5 300000000
5 400000000
5 500000000
5 600000000
5 700000000
5 800000000
5 900000000
6 0
6 100000000
6 200000000
6 300000000
6 400000000
6 500000000
6 600000000
6 700000000
6 800000000
6 900000000
7 0
7 100000000
7 200000000
7 300000000
7 400000000
7 500000000
7 600000000
7 700000000
7 800000000
7 900000000
8 0
8 100000000
8 200000000
8 300000000
8 400000000
8 500000000
8 600000000
8 700000000
8 800000000
8 900000000
9 0
9 100000000
9 200000000
9 300000000
9 400000000
9 500000000
9 600000000
9 700000000
9 800000000
9 900000000
10 0
10 100000000
10 200000000
10 300000000
10 400000000
10 500000000
10 600000000
10 700000000
10 800000000
10 900000000
11 0
11 100000000
11 200000000
11 300000000
11 400000000
11 488230758
0 0
0 100000000
0 200000000
0 300000000
0 400000000
0 500000000
0 600000000
0 700000000
0 800000000
0 900000000
1 0
1 100000000
1 200000000
1 300000000
1 400000000
1 500000000
1 600000000
1 700000000
1 800000000
1 900000000
2 0
2 100000000
2 200000000
2 300000000
2 400000000
2 500000000
2 600000000
2 700000000
2 800000000
2 900000000
3 0
3 100000000
3 200000000
3 300000000
3 400000000
3 500000000
3 600000000
3 700000000
3 800000000
3 900000000
4 0
4 100000000
4 200000000
4 300000000
4 400000000
4 500000000
4 600000000
4 700000000
4 800000000
4 900000000
5 0
5 100000000
5 200000000
5 300000000
5 400000000
5 500000000
5 600000000
5 700000000
5 800000000
5 900000000
6 0
6 100000000
6 200000000
6 300000000
6 400000000
6 500000000
6 600000000
6 700000000
6 800000000
6 900000000
6 931907720
0 0
0 10000250
0 0
0 10000274
0 0
0 100000000
0 200000000
0 300000000
0 400000000
0 500000000
0 600000000
0 700000000
0 800000000
0 900000000
1 0
1 100000000
1 200000000
1 300000000
1 400000000
1 500000000
1 600000000
1 700000000
1 800000000
1 900000000
2 0
2 100000000
2 200000000
2 300000000
2 400000000
2 500000000
2 600000000
2 700000000
2 800000000
2 900000000
3 0
3 100000000
3 200000000
3 300000000
3 400000000
3 500000000
3 600000000
3 700000000
3 800000000
3 900000000
4 0
4 100000000
4 200000000
4 300000000
4 400000000
4 500000000
4 600000000
4 700000000
4 800000000
4 900000000
5 0
5 100000000
5 200000000
5 300000000
5 400000000
5 500000000
5 600000000
5 700000000
5 800000000
5 900000000
6 0
6 100000000
6 200000000
6 300000000
6 400000000
6 500000000
6 600000000
6 700000000
6 800000000
6 900000000
7 0
7 100000000
7 200000000
7 300000000
7 400000000
7 500000000
7 600000000
7 700000000
7 800000000
7 900000000
8 0
8 100000000
8 200000000
8 300000000
8 400000000
8 500000000
8 569983713
0 0
0 100000000
0 200000000
0 300000000
0 400000000
0 500000000
0 600000000
0 700000000
0 800000000
0 900000000
1 0
1 100000000
1 200000000
1 300000000
1 400000000
1 500000000
1 600000000
1 700000000
1 800000000
1 900000000
2 0
2 100000000
2 200000000
2 300000000
2 400000000
2 500000000
2 600000000
2 700000000
2 800000000
2 900000000
3 0
3 100000000
3 200000000
3 300000000
3 400000000
3 500000000
3 600000000
3 700000000
3 800000000
3 900000000
4 0
4 100000000
4 200000000
4 300000000
4 400000000
4 500000000
4 600000000
4 700000000
4 800000000
4 900000000
5 0
5 100000000
5 200000000
5 300000000
5 400000000
5 500000000
5 600000000
5 700000000
5 800000000
5 900000000
6 0
6 100000000
6 200000000
6 300000000
6 400000000
6 500000000
6 600000000
6 700000000
6 800000000
6 900000000
7 0
7 100000000
7 200000000
7 300000000
7 400000000
7 500000000
7 600000000
7 700000000
7 800000000
7 900000000
8 0
8 100000000
8 200000000
8 300000000
8 400000000
8 500000000
8 600000000
8 700000000
8 800000000
8 900000000
9 0
9 100000000
9 200000000
9 300000000
9 400000000
9 500000000
9 600000000
9 700000000
9 800000000
9 900000000
10 0
10 100000000
10 200000000
10 300000000
10 400000000
10 500000000
10 600000000
10 700000000
10 800000000
10 900000000
11 0
11 100000000
11 200000000
11 300000000
11 400000000
11 488230758
0 0
0 100000000
0 200000000
0 300000000
0 400000000
0 500000000
0 600000000
0 700000000
0 800000000
0 900000000
1 0
1 100000000
1 200000000
1 300000000
1 400000000
1 500000000
1 600000000
1 700000000
1 800000000
1 900000000
2 0
2 100000000
2 200000000
2 300000000
2 400000000
2 500000000
2 600000000
2 700000000
2 800000000
2 900000000
3 0
3 100000000
3 200000000
3 300000000
3 400000000
3 500000000
3 600000000
3 700000000
3 800000000
3 900000000
4 0
4 100000000
4 200000000
4 300000000
4 400000000
4 500000000
4 600000000
4 700000000
4 800000000
4 900000000
5 0
5 100000000
5 200000000
5 300000000
5 400000000
5 500000000
5 600000000
5 700000000
5 800000000
5 900000000
6 0
6 100000000
6 200000000
6 300000000
6 400000000
6 500000000
6 600000000
6 700000000
6 800000000
6 900000000
6 931907720
0 0
0 10000430
0 0
0 100000000
0 200000000
0 300000000
0 400000000
0 500000000
0 600000000
0 700000000
0 800000000
0 900000000
1 0
1 100000000
1 200000000
1 300000000
1 400000000
1 500000000
1 600000000
1 700000000
1 800000000
1 900000000
2 0
2 100000000
2 200000000
2 300000000
2 400000000
2 500000000
2 600000000
2 700000000
2 800000000
2 900000000
3 0
3 100000000
3 200000000
3 300000000
3 400000000
3 500000000
3 600000000
3 700000000
3 800000000
3 900000000
4 0
4 100000000
4 200000000
4 300000000
4 400000000
4 500000000
4 600000000
4 700000000
4 800000000
4 900000000
5 0
5 100000000
5 200000000
5 300000000
5 400000000
5 500000000
5 600000000
5 700000000
5 800000000
5 900000000
6 0
6 100000000
6 200000000
6 300000000
6 400000000
6 500000000
6 600000000
6 700000000
6 800000000
6 900000000
7 0
7 100000000
7 200000000
7 300000000
7 400000000
7 500000000
7 600000000
7 700000000
7 800000000
7 900000000
8 0
8 100000000
8 200000000
8 300000000
8 400000000
8 500000000
8 569983713
0 0
0 100000000
0 200000000
0 300000000
0 400000000
0 500000000
0 600000000
0 700000000
0 800000000
0 900000000
1 0
1 100000000
1 200000000
1 300000000
1 400000000
1 500000000
1 600000000
1 700000000
1 800000000
1 900000000
2 0
2 100000000
2 200000000
2 300000000
2 400000000
2 500000000
2 600000000
2 700000000
2 800000000
2 900000000
3 0
3 100000000
3 200000000
3 300000000
3 400000000
3 500000000
3 600000000
3 700000000
3 800000000
3 900000000
4 0
4 100000000
4 200000000
4 300000000
4 400000000
4 500000000
4 600000000
4 700000000
4 800000000
4 900000000
5 0
5 100000000
5 200000000
5 300000000
5 400000000
5 500000000
5 600000000
5 700000000
5 800000000
5 900000000
6 0
6 100000000
6 200000000
6 300000000
6 400000000
6 500000000
6 600000000
6 700000000
6 800000000
6 900000000
7 0
7 100000000
7 200000000
7 300000000
7 400000000
7 500000000
7 600000000
7 700000000
7 800000000
7 900000000
8 0
8 100000000
8 200000000
8 300000000
8 400000000
8 500000000
8 600000000
8 700000000
8 800000000
8 900000000
9 0
9 100000000
9 200000000
9 300000000
9 400000000
9 500000000
9 600000000
9 700000000
9 800000000
9 900000000
10 0
10 100000000
10 200000000
10 300000000
10 400000000
10 500000000
10 600000000
10 700000000
10 800000000
10 900000000
11 0
11 100000000
11 200000000
11 300000000
11 400000000
11 488230758
0 0
0 100000000
0 200000000
0 300000000
0 400000000
0 500000000
0 600000000
0 700000000
0 800000000
0 900000000
1 0
1 100000000
1 200000000
1 300000000
1 400000000
1 500000000
1 600000000
1 700000000
1 800000000
1 900000000
2 0
2 100000000
2 200000000
2 300000000
2 400000000
2 500000000
2 600000000
2 700000000
2 800000000
2 900000000
3 0
3 100000000
3 200000000
3 300000000
3 400000000
3 500000000
3 600000000
3 700000000
3 800000000
3 900000000
4 0
4 100000000
4 200000000
4 300000000
4 400000000
4 500000000
4 600000000
4 700000000
4 800000000
4 900000000
5 0
5 100000000
5 200000000
5 300000000
5 400000000
5 500000000
5 600000000
5 700000000
5 800000000
5 900000000
6 0
6 100000000
6 200000000
6 300000000
6 400000000
6 500000000
6 600000000
6 700000000
6 800000000
6 900000000
6 931907720
0 0
0 10000223
0 0
0 100000000
0 200000000
0 300000000
0 400000000
0 500000000
0 600000000
0 700000000
0 800000000
0 900000000
1 0
1 100000000
1 200000000
1 300000000
1 400000000
1 500000000
1 600000000
1 700000000
1 800000000
1 900000000
2 0
2 100000000
2 200000000
2 300000000
2 400000000
2 500000000
2 600000000
2 700000000
2 800000000
2 900000000
3 0
3 100000000
3 200000000
3 300000000
3 400000000
3 500000000
3 600000000
3 700000000
3 800000000
3 900000000
4 0
4 100000000
4 200000000
4 300000000
4 400000000
4 500000000
4 600000000
4 700000000
4 800000000
4 900000000
5 0
5 100000000
5 200000000
5 300000000
5 400000000
5 500000000
5 600000000
5 700000000
5 800000000
5 900000000
6 0
6 100000000
6 200000000
6 300000000
6 400000000
6 500000000
6 600000000
6 700000000
6 800000000
6 900000000
7 0
7 100000000
7 200000000
7 300000000
7 400000000
7 500000000
7 600000000
7 700000000
7 800000000
7 900000000
8 0
8 100000000
8 200000000
8 300000000
8 400000000
8 500000000
8 569983713
0 0
0 100000000
0 200000000
0 300000000
0 400000000
0 500000000
0 600000000
0 700000000
0 800000000
0 900000000
1 0
1 100000000
1 200000000
1 300000000
1 400000000
1 500000000
1 600000000
1 700000000
1 800000000
1 900000000
2 0
2 100000000
2 200000000
2 300000000
2 400000000
2 500000000
2 600000000
2 700000000
2 800000000
2 900000000
3 0
3 100000000
3 200000000
3 300000000
3 400000000
3 500000000
3 600000000
3 700000000
3 800000000
3 900000000
4 0
4 100000000
4 200000000
4 300000000
4 400000000
4 500000000
4 600000000
4 700000000
4 800000000
4 900000000
5 0
5 100000000
5 200000000
5 300000000
5 400000000
5 500000000
5 600000000
5 700000000
5 800000000
5 900000000
6 0
6 100000000
6 200000000
6 300000000
6 400000000
6 500000000
6 600000000
6 700000000
6 800000000
6 900000000
7 0
7 100000000
7 200000000
7 300000000
7 400000000
7 500000000
7 600000000
7 700000000
7 800000000
7 900000000
8 0
8 100000000
8 200000000
8 300000000
8 400000000
8 500000000
8 600000000
8 700000000
8 800000000
8 900000000
9 0
9 100000000
9 200000000
9 300000000
9 400000000
9 500000000
9 600000000
9 700000000
9 800000000
9 900000000
10 0
10 100000000
10 200000000
10 300000000
10 400000000
10 500000000
10 600000000
10 700000000
10 800000000
10 900000000
11 0
11 100000000
11 200000000
11 300000000
11 400000000
11 488230758
0 0
0 100000000
0 200000000
0 300000000
0 400000000
0 500000000
0 600000000
0 700000000
0 800000000
0 900000000
1 0
1 100000000
1 200000000
1 300000000
1 400000000
1 500000000
1 600000000
1 700000000
1 800000000
1 900000000
2 0
2 100000000
2 200000000
2 300000000
2 400000000
2 500000000
2 600000000
2 700000000
2 800000000
2 900000000
3 0
3 100000000
3 200000000
3 300000000
3 400000000
3 500000000
3 600000000
3 700000000
3 800000000
3 900000000
4 0
4 100000000
4 200000000
4 300000000
4 400000000
4 500000000
4 600000000
4 700000000
4 800000000
4 900000000
5 0
5 100000000
5 200000000
5 300000000
5 400000000
5 500000000
5 600000000
5 700000000
5 800000000
5 900000000
6 0
6 100000000
6 200000000
6 300000000
6 400000000
6 500000000
6 600000000
6 700000000
6 800000000
6 900000000
6 931907720
0 0
0 10000330
0 0
0 100000000
0 200000000
0 300000000
0 400000000
0 500000000
0 600000000
0 700000000
0 800000000
0 900000000
1 0
1 100000000
1 200000000
1 300000000
1 400000000
1 500000000
1 600000000
1 700000000
1 800000000
1 900000000
2 0
2 100000000
2 200000000
2 300000000
2 400000000
2 500000000
2 600000000
2 700000000
2 800000000
2 900000000
3 0
3 100000000
3 200000000
3 300000000
3 400000000
3 500000000
3 600000000
3 700000000
3 800000000
3 900000000
4 0
4 100000000
4 200000000
4 300000000
4 400000000
4 500000000
4 600000000
4 700000000
4 800000000
4 900000000
5 0
5 100000000
5 200000000
5 300000000
5 400000000
5 500000000
5 600000000
5 700000000
5 800000000
5 900000000
6 0
6 100000000
6 200000000
6 300000000
6 400000000
6 500000000
6 600000000
6 700000000
6 800000000
6 900000000
7 0
7 100000000
7 200000000
7 300000000
7 400000000
7 500000000
7 600000000
7 700000000
7 800000000
7 900000000
8 0
8 100000000
8 200000000
8 300000000
8 400000000
8 500000000
8 569983713
0 0
0 100000000
0 200000000
0 300000000
0 400000000
0 500000000
0 600000000
0 700000000
0 800000000
0 900000000
1 0
1 100000000
1 200000000
1 300000000
1 400000000
1 500000000
1 600000000
1 700000000
1 800000000
1 900000000
2 0
2 100000000
2 200000000
2 300000000
2 400000000
2 500000000
2 600000000
2 700000000
2 800000000
2 900000000
3 0
3 100000000
3 200000000
3 300000000
3 400000000
3 500000000
3 600000000
3 700000000
3 800000000
3 900000000
4 0
4 100000000
4 200000000
4 300000000
4 400000000
4 500000000
4 600000000
4 700000000
4 800000000
4 900000000
5 0
5 100000000
5 200000000
5 300000000
5 400000000
5 500000000
5 600000000
5 700000000
5 800000000
5 900000000
6 0
6 100000000
6 200000000
6 300000000
6 400000000
6 500000000
6 600000000
6 700000000
6 800000000
6 900000000
7 0
7 100000000
7 200000000
7 300000000
7 400000000
7 500000000
7 600000000
7 700000000
7 800000000
7 900000000
8 0
8 100000000
8 200000000
8 300000000
8 400000000
8 500000000
8 600000000
8 700000000
8 800000000
8 900000000
9 0
9 100000000
9 200000000
9 300000000
9 400000000
9 500000000
9 600000000
9 700000000
9 800000000
9 900000000
10 0
10 100000000
10 200000000
10 300000000
10 400000000
10 500000000
10 600000000
10 700000000
10 800000000
10 900000000
11 0
11 100000000
11 200000000
11 300000000
11 400000000
11 488230758
0 0
0 100000000
0 200000000
0 300000000
0 400000000
0 500000000
0 600000000
0 700000000
0 800000000
0 900000000
1 0
1 100000000
1 200000000
1 300000000
1 400000000
1 500000000
1 600000000
1 700000000
1 800000000
1 900000000
2 0
2 100000000
2 200000000
2 300000000
2 400000000
2 500000000
2 600000000
2 700000000
2 800000000
2 900000000
3 0
3 100000000
3 200000000
3 300000000
3 400000000
3 500000000
3 600000000
3 700000000
3 800000000
3 900000000
4 0
4 100000000
4 200000000
4 300000000
4 400000000
4 500000000
4 600000000
4 700000000
4 800000000
4 900000000
5 0
5 100000000
5 200000000
5 300000000
5 400000000
5 500000000
5 600000000
5 700000000
5 800000000
5 900000000
6 0
6 100000000
6 200000000
6 300000000
6 400000000
6 500000000
6 600000000
6 700000000
6 800000000
6 900000000
6 931907720
0 0
0 10000354
0 0
0 100000000
0 200000000
0 300000000
0 400000000
0 500000000
0 600000000
0 700000000
0 800000000
0 900000000
1 0
1 100000000
1 200000000
1 300000000
1 400000000
1 500000000
1 600000000
1 700000000
1 800000000
1 900000000
2 0
2 100000000
2 200000000
2 300000000
2 400000000
2 500000000
2 600000000
2 700000000
2 800000000
2 900000000
3 0
3 100000000
3 200000000
3 300000000
3 400000000
3 500000000
3 600000000
3 700000000
3 800000000
3 900000000
4 0
4 100000000
4 200000000
4 300000000
4 400000000
4 500000000
4 600000000
4 700000000
4 800000000
4 900000000
5 0
5 100000000
5 200000000
5 300000000
5 400000000
5 500000000
5 600000000
5 700000000
5 800000000
5 900000000
6 0
6 100000000
6 200000000
6 300000000
6 400000000
6 500000000
6 600000000
6 700000000
6 800000000
6 900000000
7 0
7 100000000
7 200000000
7 300000000
7 400000000
7 500000000
7 600000000
7 700000000
7 800000000
7 900000000
8 0
8 100000000
8 200000000
8 300000000
8 400000000
8 500000000
8 569983713
8 669983713
8 769983713
8 869983713
8 969983713
9 69983713
9 169983713
9 269983713
9 369983713
9 469983713
9 569983713
9 669983713
9 769983713
9 869983713
9 969983713
10 69983713
10 169983713
10 269983713
10 369983713
10 469983713
10 569983713
10 669983713
10 769983713
10 869983713
10 969983713
11 69983713
11 169983713
11 269983713
11 369983713
11 469983713
11 569983713
11 639967426
0 0
0 100000000
0 200000000
0 300000000
0 400000000
0 500000000
0 600000000
0 700000000
0 800000000
0 900000000
1 0
1 100000000
1 200000000
1 300000000
1 400000000
1 500000000
1 600000000
1 700000000
1 800000000
1 900000000
2 0
2 100000000
2 200000000
2 300000000
2 400000000
2 500000000
2 600000000
2 700000000
2 800000000
2 900000000
3 0
3 100000000
3 200000000
3 300000000
3 400000000
3 500000000
3 600000000
3 700000000
3 800000000
3 900000000
4 0
4 100000000
4 200000000
4 300000000
4 400000000
4 500000000
4 600000000
4 700000000
4 800000000
4 900000000
5 0
5 100000000
5 200000000
5 300000000
5 400000000
5 500000000
5 600000000
5 700000000
5 800000000
5 900000000
6 0
6 100000000
6 200000000
6 300000000
6 400000000
6 500000000
6 600000000
6 700000000
6 800000000
6 900000000
7 0
7 100000000
7 200000000
7 300000000
7 400000000
7 500000000
7 600000000
7 700000000
7 800000000
7 900000000
8 0
8 100000000
8 200000000
8 300000000
8 400000000
8 500000000
8 600000000
8 700000000
8 800000000
8 900000000
9 0
9 100000000
9 200000000
9 300000000
9 400000000
9 500000000
9 600000000
9 700000000
9 800000000
9 900000000
10 0
10 100000000
10 200000000
10 300000000
10 388230758
10 488230758
10 588230758
10 688230758
10 788230758
10 888230758
10 988230758
11 88230758
11 188230758
11 288230758
11 388230758
11 488230758
11 588230758
11 688230758
11 788230758
11 888230758
11 988230758
12 88230758
12 188230758
12 288230758
12 388230758
12 488230758
12 588230758
12 676461516
0 0
0 100000000
0 200000000
0 300000000
0 400000000
0 500000000
0 600000000
0 700000000
0 800000000
0 900000000
1 0
1 100000000
1 200000000
1 300000000
1 400000000
1 500000000
1 600000000
1 700000000
1 800000000
1 900000000
2 0
2 100000000
2 200000000
2 300000000
2 400000000
2 500000000
2 600000000
2 700000000
2 800000000
2 900000000
3 0
3 100000000
3 200000000
3 300000000
3 400000000
3 500000000
3 600000000
3 700000000
3 800000000
3 900000000
4 0
4 100000000
4 200000000
4 300000000
4 400000000
4 500000000
4 600000000
4 700000000
4 800000000
4 900000000
5 0
5 100000000
5 200000000
5 300000000
5 400000000
5 500000000
5 600000000
5 700000000
5 800000000
5 900000000
6 0
6 100000000
6 200000000
6 300000000
6 400000000
6 500000000
6 600000000
6 631907720
0 0
0 10000316
0 0
0 100000000
0 200000000
0 300000000
0 400000000
0 500000000
0 600000000
0 700000000
0 800000000
0 900000000
1 0
1 100000000
1 200000000
1 300000000
1 400000000
1 500000000
1 600000000
1 700000000
1 800000000
1 900000000
2 0
2 100000000
2 200000000
2 300000000
2 400000000
2 500000000
2 600000000
2 700000000
2 800000000
2 900000000
3 0
3 100000000
3 200000000
3 300000000
3 400000000
3 500000000
3 600000000
3 700000000
3 800000000
3 900000000
4 0
4 100000000
4 200000000
4 300000000
4 400000000
4 500000000
4 600000000
4 700000000
4 800000000
4 900000000
5 0
5 100000000
5 200000000
5 300000000
5 400000000
5 500000000
5 600000000
5 700000000
5 800000000
5 900000000
6 0
6 100000000
6 200000000
6 300000000
6 400000000
6 500000000
6 600000000
6 700000000
6 800000000
6 900000000
7 0
7 100000000
7 200000000
7 300000000
7 400000000
7 500000000
7 600000000
7 700000000
7 800000000
7 900000000
8 0
8 100000000
8 200000000
8 300000000
8 400000000
8 500000000
8 569983713
0 0
0 100000000
0 200000000
0 300000000
0 400000000
0 500000000
0 600000000
0 700000000
0 800000000
0 900000000
1 0
1 100000000
1 200000000
1 300000000
1 400000000
1 500000000
1 600000000
1 700000000
1 800000000
1 900000000
2 0
2 100000000
2 200000000
2 300000000
2 400000000
2 500000000
2 600000000
2 700000000
2 800000000
2 900000000
3 0
3 100000000
3 200000000
3 300000000
3 400000000
3 500000000
3 600000000
3 700000000
3 800000000
3 900000000
4 0
4 100000000
4 200000000
4 300000000
4 400000000
4 500000000
4 600000000
4 700000000
4 800000000
4 900000000
5 0
5 100000000
5 200000000
5 300000000
5 400000000
5 500000000
5 600000000
5 700000000
5 800000000
5 900000000
6 0
6 100000000
6 200000000
6 300000000
6 400000000
6 500000000
6 600000000
6 700000000
6 800000000
6 900000000
7 0
7 100000000
7 200000000
7 300000000
7 400000000
7 500000000
7 600000000
7 700000000
7 800000000
7 900000000
8 0
8 100000000
8 200000000
8 300000000
8 400000000
8 500000000
8 600000000
8 700000000
8 800000000
8 900000000
9 0
9 100000000
9 200000000
9 300000000
9 400000000
9 500000000
9 600000000
9 700000000
9 800000000
9 900000000
10 0
10 100000000
10 200000000
10 300000000
10 400000000
10 500000000
10 600000000
10 700000000
10 800000000
10 900000000
11 0
11 100000000
11 200000000
11 300000000
11 400000000
11 488230758
0 0
0 100000000
0 200000000
0 300000000
0 400000000
0 500000000
0 600000000
0 700000000
0 800000000
0 900000000
1 0
1 100000000
1 200000000
1 300000000
1 400000000
1 500000000
1 600000000
1 700000000
1 800000000
1 900000000
2 0
2 100000000
2 200000000
2 300000000
2 400000000
2 500000000
2 600000000
2 700000000
2 800000000
2 900000000
3 0
3 100000000
3 200000000
3 300000000
3 400000000
3 500000000
3 600000000
3 700000000
3 800000000
3 900000000
4 0
4 100000000
4 200000000
4 300000000
4 400000000
4 500000000
4 600000000
4 700000000
4 800000000
4 900000000
5 0
5 100000000
5 200000000
5 300000000
5 400000000
5 500000000
5 600000000
5 700000000
5 800000000
5 900000000
6 0
6 100000000
6 200000000
6 300000000
6 400000000
6 500000000
6 600000000
6 700000000
6 800000000
6 900000000
6 931907720
0 0
0 10000229
0 0
0 100000000
0 200000000
0 300000000
0 400000000
0 500000000
0 600000000
0 700000000
0 800000000
0 900000000
1 0
1 100000000
1 200000000
1 300000000
1 400000000
1 500000000
1 600000000
1 700000000
1 800000000
1 900000000
2 0
2 100000000
2 200000000
2 300000000
2 400000000
2 500000000
2 600000000
2 700000000
2 800000000
2 900000000
3 0
3 100000000
3 200000000
3 300000000
3 400000000
3 500000000
3 600000000
3 700000000
3 800000000
3 900000000
4 0
4 100000000
4 200000000
4 300000000
4 400000000
4 500000000
4 600000000
4 700000000
4 800000000
4 900000000
5 0
5 100000000
5 200000000
5 300000000
5 400000000
5 500000000
5 600000000
5 700000000
5 800000000
5 900000000
6 0
6 100000000
6 200000000
6 300000000
6 400000000
6 500000000
6 600000000
6 700000000
6 800000000
6 900000000
7 0
7 100000000
7 200000000
7 300000000
7 400000000
7 500000000
7 600000000
7 700000000
7 800000000
7 900000000
8 0
8 100000000
8 200000000
8 300000000
8 400000000
8 500000000
8 569983713
0 0
0 100000000
0 200000000
0 300000000
0 400000000
0 500000000
0 600000000
0 700000000
0 800000000
0 900000000
1 0
1 100000000
1 200000000
1 300000000
1 400000000
1 500000000
1 600000000
1 700000000
1 800000000
1 900000000
2 0
2 100000000
2 200000000
2 300000000
2 400000000
2 500000000
2 600000000
2 700000000
2 800000000
2 900000000
3 0
3 100000000
3 200000000
3 300000000
3 400000000
3 500000000
3 600000000
3 700000000
3 800000000
3 900000000
4 0
4 100000000
4 200000000
4 300000000
4 400000000
4 500000000
4 600000000
4 700000000
4 800000000
4 900000000
5 0
5 100000000
5 200000000
5 300000000
5 400000000
5 500000000
5 600000000
5 700000000
5 800000000
5 900000000
6 0
6 100000000
6 200000000
6 300000000
6 400000000
6 500000000
6 600000000
6 700000000
6 800000000
6 900000000
7 0
7 100000000
7 200000000
7 300000000
7 400000000
7 500000000
7 600000000
7 700000000
7 800000000
7 900000000
8 0
8 100000000
8 200000000
8 300000000
8 400000000
8 500000000
8 600000000
8 700000000
8 800000000
8 900000000
9 0
9 100000000
9 200000000
9 300000000
9 400000000
9 500000000
9 600000000
9 700000000
9 800000000
9 900000000
10 0
10 100000000
10 200000000
10 300000000
10 400000000
10 500000000
10 600000000
10 700000000
10 800000000
10 900000000
11 0
11 100000000
11 200000000
11 300000000
11 400000000
11 488230758
0 0
0 100000000
0 200000000
0 300000000
0 400000000
0 500000000
0 600000000
0 700000000
0 800000000
0 900000000
1 0
1 100000000
1 200000000
1 300000000
1 400000000
1 500000000
1 600000000
1 700000000
1 800000000
1 900000000
2 0
2 100000000
2 200000000
2 300000000
2 400000000
2 500000000
2 600000000
2 700000000
2 800000000
2 900000000
3 0
3 100000000
3 200000000
3 300000000
3 400000000
3 500000000
3 600000000
3 700000000
3 800000000
3 900000000
4 0
4 100000000
4 200000000
4 300000000
4 400000000
4 500000000
4 600000000
4 700000000
4 800000000
4 900000000
5 0
5 100000000
5 200000000
5 300000000
5 400000000
5 500000000
5 600000000
5 700000000
5 800000000
5 900000000
6 0
6 100000000
6 200000000
6 300000000
6 400000000
6 500000000
6 600000000
6 700000000
6 800000000
6 900000000
6 931907720
0 0
0 10000292
0 0
0 100000000
0 200000000
0 300000000
0 400000000
0 500000000
0 600000000
0 700000000
0 800000000
0 900000000
1 0
1 100000000
1 200000000
1 300000000
1 400000000
1 500000000
1 600000000
1 700000000
1 800000000
1 900000000
2 0
2 100000000
2 200000000
2 300000000
2 400000000
2 500000000
2 600000000
2 700000000
2 800000000
2 900000000
3 0
3 100000000
3 200000000
3 300000000
3 400000000
3 500000000
3 600000000
3 700000000
3 800000000
3 900000000
4 0
4 100000000
4 200000000
4 300000000
4 400000000
4 500000000
4 600000000
4 700000000
4 800000000
4 900000000
5 0
5 100000000
5 200000000
5 300000000
5 400000000
5 500000000
5 600000000
5 700000000
5 800000000
5 900000000
6 0
6 100000000
6 200000000
6 300000000
6 400000000
6 500000000
6 600000000
6 700000000
6 800000000
6 900000000
7 0
7 100000000
7 200000000
7 300000000
7 400000000
7 500000000
7 600000000
7 700000000
7 800000000
7 900000000
8 0
8 100000000
8 200000000
8 300000000
8 400000000
8 500000000
8 569983713
0 0
0 100000000
0 200000000
0 300000000
0 400000000
0 500000000
0 600000000
0 700000000
0 800000000
0 900000000
1 0
1 100000000
1 200000000
1 300000000
1 400000000
1 500000000
1 600000000
1 700000000
1 800000000
1 900000000
2 0
2 100000000
2 200000000
2 300000000
2 400000000
2 500000000
2 600000000
2 700000000
2 800000000
2 900000000
3 0
3 100000000
3 200000000
3 300000000
3 400000000
3 500000000
3 600000000
3 700000000
3 800000000
3 900000000
4 0
4 100000000
4 200000000
4 300000000
4 400000000
4 500000000
4 600000000
4 700000000
4 800000000
4 900000000
5 0
5 100000000
5 200000000
5 300000000
5 400000000
5 500000000
5 600000000
5 700000000
5 800000000
5 900000000
6 0
6 100000000
6 200000000
6 300000000
6 400000000
6 500000000
6 600000000
6 700000000
6 800000000
6 900000000
7 0
7 100000000
7 200000000
7 300000000
7 400000000
7 500000000
7 600000000
7 700000000
7 800000000
7 900000000
8 0
8 100000000
8 200000000
8 300000000
8 400000000
8 500000000
8 600000000
8 700000000
8 800000000
8 900000000
9 0
9 100000000
9 200000000
9 300000000
9 400000000
9 500000000
9 600000000
9 700000000
9 800000000
9 900000000
10 0
10 100000000
10 200000000
10 300000000
10 400000000
10 500000000
10 600000000
10 700000000
10 800000000
10 900000000
11 0
11 100000000
11 200000000
11 300000000
11 400000000
11 488230758
0 0
0 100000000
0 200000000
0 300000000
0 400000000
0 500000000
0 600000000
0 700000000
0 800000000
0 900000000
1 0
1 100000000
1 200000000
1 300000000
1 400000000
1 500000000
1 600000000
1 700000000
1 800000000
1 900000000
2 0
2 100000000
2 200000000
2 300000000
2 400000000
2 500000000
2 600000000
2 700000000
2 800000000
2 900000000
3 0
3 100000000
3 200000000
3 300000000
3 400000000
3 500000000
3 600000000
3 700000000
3 800000000
3 900000000
4 0
4 100000000
4 200000000
4 300000000
4 400000000
4 500000000
4 600000000
4 700000000
4 800000000
4 900000000
5 0
5 100000000
5 200000000
5 300000000
5 400000000
5 500000000
5 600000000
5 700000000
5 800000000
5 900000000
6 0
6 100000000
6 200000000
6 300000000
6 400000000
6 500000000
6 600000000
6 700000000
6 800000000
6 900000000
6 931907720
