0 0
0 100000000
0 200000000
0 300000000
0 400000000
0 500000000
0 600000000
0 700000000
0 800000000
0 900000000
1 0
1 100000000
1 200000000
1 300000000
1 400000000
1 500000000
1 600000000
1 700000000
1 800000000
1 900000000
2 0
2 100000000
2 200000000
2 300000000
2 400000000
2 500000000
2 600000000
2 700000000
2 800000000
2 900000000
3 0
3 100000000
3 200000000
3 300000000
3 400000000
3 500000000
3 600000000
3 700000000
3 800000000
3 900000000
4 0
4 100000000
4 200000000
4 300000000
4 400000000
4 500000000
4 600000000
4 700000000
4 800000000
4 900000000
5 0
5 100000000
5 200000000
5 300000000
5 400000000
5 500000000
5 600000000
5 700000000
5 800000000
5 900000000
6 0
6 100000000
6 200000000
6 300000000
6 400000000
6 500000000
6 600000000
6 700000000
6 800000000
6 864677705
6 964677705
7 64677705
7 164677705
7 264677705
7 364677705
7 464677705
7 564677705
7 664677705
7 764677705
7 864677705
7 964677705
8 64677705
8 164677705
8 264677705
8 364677705
8 464677705
8 564677705
8 664677705
8 764677705
8 864677705
8 964677705
9 64677705
9 164677705
9 264677705
9 364677705
9 464677705
9 564677705
9 664677705
9 764677705
9 864677705
9 934661418
0 0
0 100000000
0 200000000
0 300000000
0 400000000
0 500000000
0 600000000
0 700000000
0 800000000
0 900000000
1 0
1 100000000
1 200000000
1 300000000
1 400000000
1 500000000
1 600000000
1 700000000
1 800000000
1 900000000
2 0
2 100000000
2 200000000
2 300000000
2 400000000
2 500000000
2 600000000
2 700000000
2 800000000
2 900000000
3 0
3 69983713
3 169983713
3 269983713
3 369983713
3 469983713
3 569983713
3 669983713
3 769983713
3 869983713
3 969983713
4 69983713
4 169983713
4 269983713
4 369983713
4 469983713
4 569983713
4 669983713
4 769983713
4 869983713
4 969983713
5 69983713
5 169983713
5 269983713
5 369983713
5 469983713
5 569983713
5 669983713
5 769983713
5 869983713
5 969983713
6 69983713
6 169983713
6 269983713
6 369983713
6 469983713
6 569983713
6 669983713
6 769983713
6 869983713
6 969983713
7 69983713
7 169983713
7 269983713
7 369983713
7 469983713
7 569983713
7 669983713
7 769983713
7 869983713
7 969983713
8 69983713
8 169983713
8 269983713
8 369983713
8 469983713
8 569983713
8 590545279
8 690545279
8 790545279
8 890545279
8 990545279
9 90545279
9 190545279
9 290545279
9 390545279
9 490545279
9 590545279
9 690545279
9 790545279
9 890545279
9 990545279
10 90545279
10 190545279
10 290545279
10 390545279
10 490545279
10 590545279
10 690545279
10 790545279
10 890545279
10 990545279
11 90545279
11 190545279
11 290545279
11 390545279
11 490545279
11 590545279
11 690545279
11 790545279
11 890545279
11 990545279
12 90545279
12 190545279
12 290545279
12 390545279
12 490545279
12 590545279
12 690545279
12 790545279
12 890545279
12 990545279
13 90545279
13 190545279
13 290545279
13 390545279
13 490545279
13 590545279
13 690545279
13 790545279
13 890545279
13 918040000
14 18040000
14 118040000
14 218040000
14 318040000
14 418040000
14 518040000
14 618040000
14 718040000
14 818040000
14 918040000
15 18040000
15 118040000
15 218040000
15 318040000
15 418040000
15 518040000
15 618040000
15 718040000
15 818040000
15 918040000
16 18040000
16 118040000
16 206270758
0 0
0 100000000
0 200000000
0 300000000
0 400000000
0 500000000
0 600000000
0 700000000
0 800000000
0 900000000
1 0
1 100000000
1 200000000
1 300000000
1 400000000
1 500000000
1 600000000
1 700000000
1 800000000
1 900000000
2 0
2 100000000
2 200000000
2 288230758
2 388230758
2 488230758
2 588230758
2 688230758
2 788230758
2 888230758
2 988230758
3 88230758
3 188230758
3 288230758
3 388230758
3 488230758
3 588230758
3 688230758
3 788230758
3 888230758
3 988230758
4 88230758
4 188230758
4 288230758
4 388230758
4 488230758
4 588230758
4 688230758
4 788230758
4 888230758
4 988230758
5 88230758
5 188230758
5 288230758
5 388230758
5 488230758
5 588230758
5 688230758
5 788230758
5 888230758
5 988230758
6 88230758
6 188230758
6 288230758
6 388230758
6 488230758
6 588230758
6 688230758
6 788230758
6 888230758
6 988230758
7 88230758
7 188230758
7 288230758
7 388230758
7 488230758
7 588230758
7 688230758
7 788230758
7 888230758
7 988230758
8 88230758
8 188230758
8 288230758
8 388230758
8 488230758
8 588230758
8 688230758
8 788230758
8 888230758
8 920138478
