0.0 0.0 0.0 0.0 0.0 0.0
0.12071628596349337 0.011624545572622644 0.11088038093611381 -0.000894145853116 -0.09925603661819937 0.11803366528810463
0.1944999308312339 0.01872964606037819 0.1786521698417477 -0.0014406615080643742 -0.15992284804604112 0.1901776512676683
0.23766440923659682 0.022886230586954576 0.21829962726884822 -0.0017603809151023133 -0.19541379290913796 0.2323829059751814
0.27241793414743803 0.026232870445121896 0.2502214516542684 -0.002017800367102268 -0.2239890353764647 0.26636411981196717
0.3015401292300127 0.02903723342904086 0.276970784262366 -0.0022335085439972573 -0.24793405355232648 0.2948391461880357
0.3280843203646262 0.03159334387486781 0.3013521674465458 -0.002430121438752078 -0.2697593705443887 0.32079345837317
0.3552683063182669 0.03421106426811445 0.3263212152750482 -0.002631473295443246 -0.29211074330000125 0.34737334752100946
0.3788225747040387 0.03647925587204595 0.3479562931805735 -0.0028059398243976607 -0.3114776688705917 0.3704041805901541
0.3981463332187027 0.03834006454168977 0.3657055611283248 -0.0029490709554177703 -0.327366160364712 0.3892985163993078
0.4163327130436353 0.040091347720994035 0.38241012345595643 -0.0030837775194399054 -0.3423194698328465 0.4070807489450272
0.43323749068738615 0.04171921720477076 0.3979375079328633 -0.003208991252677021 -0.3562190130091341 0.4236098597459986
0.44855243605823847 0.04319399154018676 0.41200459890722796 -0.0033224290940150726 -0.36881135518071767 0.43858446836140497
0.46214402342323924 0.044502812677845956 0.4244887502587159 -0.0034231020179928237 -0.3799867080540489 0.45187401633722446
0.47614744947698684 0.045851292404797406 0.43735118388030525 -0.0035268254322400284 -0.39150068529479465 0.4655662509062587
0.490575193343589 0.0472406324159551 0.4506033621030624 -0.003633691769662329 -0.40336354755991166 0.47967337387496817
0.5029005900164338 0.04842752392923008 0.4619244913721243 -0.0037249860157955055 -0.4134978058642449 0.49172486911286606
0.5130088918757643 0.0494009171602076 0.47120917364870407 -0.0037998582347129953 -0.4218091117621168 0.5016085389820347
0.5233203706024672 0.0503938755951277 0.480680478039043 -0.003876235385230722 -0.43028747490853475 0.5116908706155736
0.5338391100515767 0.05140679249458985 0.49034215564762784 -0.0039541477164738645 -0.4389362531541964 0.5219758571149473
0.5445692761636138 0.05244006902373109 0.500198032976145 -0.004033626085574988 -0.44775887184259555 0.532467571842957
0.5555151186145022 0.053494114411108046 0.5102520134389659 -0.004114701969895043 -0.4567588251666314 0.5431701700370002
0.5666809724986538 0.0545693461107714 0.520508078909089 -0.004197407479489944 -0.46593967755248133 0.554087890454745
0.5751810468255096 0.05538787279583772 0.5283155712604698 -0.004260367552771476 -0.47292865738987444 0.5623990716678876
0.5809328572937649 0.05594175152379602 0.5335987269730745 -0.004302971228299191 -0.47765794396377315 0.5680230623845666
0.5752379954440073 0.05539335674363921 0.5283678797328719 -0.004260789371341048 -0.47297548200941736 0.5624547547442891
0.5610702698006466 0.05402905555521925 0.515354533573356 -0.004155848989593997 -0.46132641341829816 0.5486018717373706
0.5500149689252498 0.05296446971396844 0.5052000133059067 -0.004073962346430746 -0.4522364605610224 0.5377922475613888
0.5391775011520927 0.051920860419535614 0.4952455772041042 -0.0039936891936386 -0.4433256156857378 0.5271956156860957
0.5285535743084919 0.050897814351079075 0.48548728281943365 -0.0039149977390830395 -0.43459034965761967 0.5168077793217289
0.5181389807945227 0.0498949263318098 0.47592126538519086 -0.0038378568170601276 -0.4260272028797377 0.5066246243718553
0.5079295959165984 0.04891179916852226 0.4665437362858458 -0.0037622358759534574 -0.41763278392288694 0.49664211780399425
0.49792137625389515 0.04794804349428708 0.45735098155655896 -0.0036881049661341607 -0.40940376818242025 0.4868563060523433
0.48557159421067453 0.046758803757266376 0.44600745382539264 -0.0035966300974973756 -0.3992494595990759 0.47478096734857156
0.4719189997195494 0.045444107852070786 0.4334672661791299 -0.0034955052935731925 -0.38802394509679594 0.46143176797901
0.45820064044931275 0.04412307903441207 0.42086667223638363 -0.003393893369754164 -0.3767443571008566 0.4480182652897797
0.44411132282993987 0.042766328257610654 0.40792534545270076 -0.003289533756450577 -0.36515975760467256 0.4342420478825794
0.4289480105815707 0.041306155648287934 0.3939975326067956 -0.0031772190620564544 -0.35269209208825153 0.4194157027188112
0.412210606973896 0.03969440368415249 0.3786238846098584 -0.0030532450687523844 -0.3389301681513334 0.4030502464802251
0.3942042903155474 0.03796045994226711 0.36208471398844055 -0.002919872233086906 -0.32412491125219045 0.38544407564287936
0.3732612444715956 0.03594371970792808 0.34284809746561096 -0.002764747036486238 -0.30690500004805743 0.3649664371574963
0.3516289768595222 0.03386060988816637 0.3229784166334486 -0.002604516772405049 -0.2891183929709645 0.3438148931519225
0.32965948547069457 0.0317450266276444 0.30279898885597045 -0.002441788690907198 -0.27105451182710705 0.32233361933338556
0.3036807259860522 0.02924336522264752 0.2789369662223721 -0.002249363949896554 -0.24969410728746666 0.2969321734792797
0.27405798053941627 0.026390801033133245 0.2517278678535737 -0.0020299481951156955 -0.22533752372199634 0.26796772023209836
0.23990983107520825 0.023102456660216958 0.22036209321402106 -0.001777012760668686 -0.19726003652455132 0.23457842887098565
0.19467387599117253 0.01874639635569009 0.17881194203356165 -0.0014419499203294425 -0.16006587023253938 0.19034773092695223
0.11965597438942185 0.011522441369237017 0.10990646304006856 -0.0008862921224499214 -0.09838422115781861 0.11699691651443156
0.0 0.0 0.0 0.0 0.0 0.0
0.0 0.0 0.0 0.0 0.0 0.0
0.0065576959384667345 -0.019667723327865063 -0.17700906677787748 -6.103090148892617e-07 0.15078722654342808 -1.1113469748947123e-07
0.009573776694993999 -0.02871349830897007 -0.2584208377793295 -8.910084087986422e-07 0.22013878791119745 -1.62248873203883e-07
0.010476210932518201 -0.03142006279011522 -0.28277985712260445 -9.749957963865985e-07 0.24088930106259046 -1.7754262224811773e-07
0.009088276052250528 -0.027257393541900446 -0.24531592768611918 -8.458240297340864e-07 0.2089752182532894 -1.540209883539884e-07
0.005660829787781891 -0.01697785855229251 -0.15280034440846127 -5.268398357654684e-07 0.13016474561240954 -9.593531202235377e-08
0.0 0.0 0.0 0.0 0.0 0.0
0.0 0.0 0.0 0.0 0.0 0.0
-0.006558338354143095 0.01966801696282816 0.17700929759848943 1.579817800847825e-08 -0.1507866538774144 -8.862227205715508e-08
-0.009574713436378973 0.02871392357516319 0.2584211439791986 2.3064230457936585e-08 -0.22013792563701723 -1.2938229368603074e-07
-0.010477231879482355 0.03142051586877716 0.28278008172485825 2.523827917080599e-08 -0.2408882634131026 -1.4157794915276112e-07
-0.009089161423003108 0.027257785645137075 0.24531611398621245 2.1894599271951587e-08 -0.20897431079635614 -1.22821070354192e-07
-0.005661383866911764 0.01697811059979226 0.15280053080585462 1.3637532144488795e-08 -0.13016424031674298 -7.650180185602709e-08
0.0 0.0 0.0 0.0 0.0 0.0
0.0 0.0 0.0 0.0 0.0 0.0
-0.11722482797273472 0.003163621724448254 0.004900058134147261 0.0023896530285484954 0.0010019892383041945 -0.20863462900222648
-0.17102339872600472 0.004615518307473286 0.007148866076832759 0.0034863483255723774 0.0014618371209001548 -0.3043843523677335
-0.20613182838454697 0.005563012048345868 0.008616416503653631 0.004202041124717528 0.0017619294247233274 -0.36686970059417146
-0.23364254557066633 0.006305461442815482 0.009766378639281734 0.0047628529405953374 0.0019970796316823992 -0.4158327775546794
-0.258128567092271 0.006966281432664965 0.010789906939598257 0.00526200569260292 0.0022063759938765535 -0.4594125558682699
-0.2820795704733358 0.007612662544320702 0.01179107120631552 0.005750251986124015 0.0024110992427773944 -0.5020401185702743
-0.2901826789215707 0.007831346336532024 0.012129785309379793 0.005915435573755181 0.0024803612549502045 -0.5164618844546784
-0.2752425650081717 0.00742814788651463 0.01150528085948984 0.005610878176850166 0.002352659354088322 -0.48987173987969107
-0.25363674637757255 0.006845057782000731 0.010602146522194955 0.005170438972820032 0.0021679817723250644 -0.4514180945876468
-0.22917035540077005 0.006184767574272224 0.009579438788753223 0.004671686393639742 0.001958853203890768 -0.40787325436270894
-0.20083126857733408 0.005419962436349511 0.008394850375999326 0.00409398808667636 0.001716622436641843 -0.3574358601014468
-0.1645953237176052 0.004442039718554512 0.0068801692335399445 0.0033553106505575586 0.0014068926002485486 -0.2929437807092461
-0.10145689513045902 0.00273808239330018 0.0042409504270287 0.002068220366866468 0.0008672114843804144 -0.18057114726740664
0.0 0.0 0.0 0.0 0.0 0.0
0.0 0.0 0.0 0.0 0.0 0.0
-0.0945058240937599 0.04392148864764788 -0.06873315459369672 0.003710344887093789 0.11238383208177088 0.1508365653948426
-0.1386476256739288 0.06443634744689655 -0.10083705190529477 0.00544337361173197 0.1648760976552755 0.2212893422955307
-0.168165676028819 0.07815483227040104 -0.12230523905463148 0.006602266709183699 0.19997818418037763 0.268401796743486
-0.19281730626933868 0.08961165313977712 -0.14023412680896952 0.007570101772244922 0.2292932523262712 0.3077471733117548
-0.21411477535415796 0.09950963091630541 -0.15572356620700267 0.008406250827444952 0.2546196405393451 0.3417391216298805
-0.23065417340500355 0.10719629986708319 -0.16775250742852632 0.009055595686156347 0.274287856240378 0.36813692324274994
-0.2457403565040034 0.1142075886005867 -0.17872453973569397 0.009647886614931291 0.2922279470698149 0.3922153127535728
-0.2596957310225618 0.1206933351603168 -0.18887414610540784 0.010195781445635503 0.30882331017649345 0.41448886871018464
-0.2730577061076891 0.1269032999179312 -0.19859217891460307 0.010720379124286378 0.32471301833625643 0.4358153260799693
-0.28540657592899343 0.13264242500221787 -0.20757339024865784 0.011205201794658578 0.3393979684512911 0.45552481095262237
-0.2961765413811697 0.13764775583636837 -0.21540627999372486 0.011628035907083376 0.35220532715653824 0.4727142764041452
-0.3005866338543328 0.1396973419687843 -0.21861369679197185 0.011801178295040095 0.35744969274693117 0.4797530299212366
-0.2940546805862172 0.1366616231222104 -0.21386307154658352 0.011544730614238548 0.3496820662933331 0.4693276682492981
-0.28225788206973235 0.13117907263297962 -0.20528337623235687 0.011081582533372209 0.3356536248052848 0.4504993199655323
-0.26884261601793447 0.12494434095110264 -0.19552658542823592 0.010554892625299345 0.3197005444342616 0.4290878072411557
-0.2549528840016749 0.11848910167965021 -0.1854247202035979 0.010009574951348368 0.30318324165906485 0.4069190203787838
-0.2411486821273569 0.11207361245740768 -0.17538506020837158 0.009467615232612163 0.2867676490715954 0.38488674439256065
-0.2255761783462188 0.10483630666596597 -0.16405933166133457 0.008856231115943613 0.2682492385205594 0.3600321599532491
-0.20803899605023313 0.0966859184702003 -0.15130471179058486 0.008167712759642247 0.24739448412590798 0.33204183904344564
-0.18829181677064613 0.08750843635342728 -0.13694278289119088 0.007392428840612584 0.22391165963835105 0.30052423970677433
-0.16563963959496875 0.07698085932622728 -0.1204680776481043 0.006503093283029012 0.19697428831325497 0.2643701017299993
-0.13575640158856644 0.06309265390143759 -0.09873429311841676 0.005329862739725563 0.16143793026997472 0.21667478742544932
-0.08370388287261421 0.03890129710636887 -0.06087700918694933 0.0032862553903364043 0.09953844863587856 0.13359606483290792
0.0 0.0 0.0 0.0 0.0 0.0
0.0 0.0 0.0 0.0 0.0 0.0
-0.010738607323211198 0.09664534919483059 -0.053687126513520644 -0.03221531823184573 0.1610744023892646 -2.2424168066676108e-08
-0.013443027762836311 0.12098460007629744 -0.06720774030615517 -0.04032845268894723 0.2016395234529933 -2.807149103076742e-08
-0.009293188062785878 0.08363686076125153 -0.04646082571268927 -0.02787912825380332 0.13939374710804284 -1.9405869437838686e-08
0.0 0.0 0.0 0.0 0.0 0.0
0.0 0.0 0.0 0.0 0.0 0.0
0.010739132733972933 -0.0966456315195666 0.05368749465125844 0.03221477603925031 -0.16107409689677854 -2.583636326406294e-07
0.013443681272404348 -0.1209849155145519 0.0672081800536988 0.040327761287791156 -0.2016390777134514 -3.234300579451189e-07
0.009293641444029832 -0.08363709330393755 0.046461137754507734 0.02787865511349822 -0.13939346310004594 -2.2358779021057465e-07
0.0 0.0 0.0 0.0 0.0 0.0
0.0 0.0 0.0 0.0 0.0 0.0
-0.046215280104063144 -0.05017646266730641 -0.11751864312505893 -0.0026408746108164136 0.06602175563059076 -0.1663744947753752
-0.06734926592295501 -0.07312187483542995 -0.1712592529767787 -0.0038485316118947004 0.09621313051987927 -0.2424566088573572
-0.08134963328918834 -0.0883222351686049 -0.20686012291475886 -0.004648553047150214 0.11621363318719277 -0.292857775787035
-0.09320381972394717 -0.10119246210990329 -0.23700357118614251 -0.00532593550414167 0.13314816648944366 -0.3355327152143243
-0.10341743706031128 -0.11228150425835029 -0.2629752941328696 -0.005909571103611451 0.14773903224569196 -0.372301624119351
-0.11124251923194756 -0.12077728622850416 -0.28287332433158585 -0.006356718903821582 0.15891770868694194 -0.4004718329756052
-0.11832167452366055 -0.12846320678142226 -0.3008745724573225 -0.006761242287295945 0.16903077647941372 -0.42595671335376517
-0.12486306396117905 -0.1355652687437192 -0.3175083613063533 -0.007135036176375642 0.17837560818779974 -0.449505642633119
-0.13099528072526434 -0.1422230872149723 -0.33310168437702065 -0.007485448756886472 0.1871359081526734 -0.4715815548353277
-0.13679415931183495 -0.14851899658209328 -0.34784737761108125 -0.007816813430994224 0.19542001124827169 -0.49245745330293433
-0.14234909831126774 -0.15455005792580023 -0.36197276844255344 -0.008134238692405696 0.20335562960517883 -0.5124551719677914
-0.1472937963063589 -0.15991857357242467 -0.3745464063765409 -0.008416793019978459 0.21041947606383735 -0.5302560297987452
-0.15167527396693065 -0.16467559440554058 -0.3856878580434727 -0.008667163310618457 0.21667872293534335 -0.5460293006846038
-0.15590276309153175 -0.1692654281090118 -0.3964377395681632 -0.008908734251474445 0.22271798642756754 -0.5612482145522721
-0.15982897947504554 -0.1735281665225311 -0.4064215289332167 -0.009133089597594731 0.22832686076613073 -0.5753825499001277
-0.16341737062373746 -0.17742412418204584 -0.41554627853652354 -0.00933814063389529 0.23345312816064734 -0.588300718156941
-0.161823406069101 -0.17569353847990046 -0.4114930616950689 -0.009247056894634117 0.2311760384605943 -0.582562463474283
-0.15628318323381304 -0.16967845464534537 -0.39740509189920326 -0.00893047255735362 0.22326144317204938 -0.5626177228368029
-0.15183840621153702 -0.16485270896511686 -0.3861026792885872 -0.008676485158328053 0.21691176874107299 -0.5466165749522669
-0.14699003330768223 -0.15958877458108484 -0.3737739818590286 -0.0083994351247303 0.20998552940327167 -0.5291624863792856
-0.1416362322496466 -0.15377609102032697 -0.36016005515588756 -0.008093503466333075 0.20233725064454686 -0.5098888620681732
-0.13581520782250678 -0.14745613765866417 -0.3453580483145357 -0.007760873314920787 0.19402151066887252 -0.4889332388206281
-0.12934171815166767 -0.1404277952562239 -0.32889691856073866 -0.007390959414656495 0.1847736785197886 -0.4656287479467363
-0.1225192120938085 -0.13302052173675533 -0.3115482915952253 -0.00700110170980711 0.17502725208407383 -0.4410678019582588
-0.11548234592465659 -0.12538051497197433 -0.2936545784728701 -0.006598994848959739 0.16497459725695152 -0.41573516195135296
-0.10772931238454475 -0.11696295703209333 -0.27393975732096043 -0.006155964115687402 0.15389884731822 -0.3878243273678958
-0.09904836352174332 -0.10753795072356603 -0.2518653843192759 -0.005659909620335498 0.14149750552885898 -0.35657300793485663
-0.08956484276505039 -0.09724158285278028 -0.227750189326075 -0.005117993848514842 0.1279496337317787 -0.3224324386029432
-0.07757355095372076 -0.08422249902273209 -0.19725810229747737 -0.004432776794239177 0.11081923582268749 -0.2792639213436773
-0.06299943222460966 -0.06839921021709242 -0.16019826724006644 -0.003599969548668689 0.08999908925865109 -0.22679725588384825
-0.03938462759999621 -0.04276034445722718 -0.10014930094798635 -0.0022505513944974433 0.056263691427462834 -0.1417842216710829
0.0 0.0 0.0 0.0 0.0 0.0
