0.0 0.0 0.0 0.0 0.0 0.0
0.020000000000000004 0.001925931270398398 0.01837042004252629 -0.0001481484939669552 -0.01644451423696731 0.019555553669271163
0.04000000000000001 0.003851862540796796 0.03674084008505258 -0.0002962969879339104 -0.03288902847393462 0.039111107338542325
0.06000000000000001 0.005777793811195195 0.05511126012757887 -0.0004444454819008656 -0.04933354271090194 0.058666661007813495
0.08000000000000002 0.007703725081593592 0.07348168017010516 -0.0005925939758678208 -0.06577805694786924 0.07822221467708465
0.1 0.00962965635199199 0.09185210021263145 -0.0007407424698347759 -0.08222257118483656 0.0977777683463558
0.12 0.011555587622390387 0.11022252025515773 -0.000888890963801731 -0.09866708542180387 0.11733332201562696
0.13999999999999999 0.013481518892788785 0.128592940297684 -0.001037039457768686 -0.11511159965877117 0.13688887568489813
0.16 0.015407450163187182 0.1469633603402103 -0.0011851879517356413 -0.13155611389573849 0.15644442935416927
0.18 0.01733338143358558 0.16533378038273658 -0.0013333364457025964 -0.14800062813270579 0.17599998302344044
0.19999999999999998 0.019259312703983976 0.18370420042526286 -0.0014814849396695515 -0.1644451423696731 0.19555553669271158
0.21999999999999997 0.021185243974382376 0.20207462046778915 -0.0016296334336365066 -0.18088965660664041 0.21511109036198275
0.24 0.023111175244780773 0.22044504051031547 -0.001777781927603462 -0.19733417084360774 0.23466664403125392
0.26 0.025037106515179174 0.23881546055284178 -0.0019259304215704174 -0.21377868508057504 0.2542221977005251
0.28 0.026963037785577574 0.25718588059536807 -0.0020740789155373725 -0.23022319931754237 0.27377775136979626
0.30000000000000004 0.028888969055975974 0.2755563006378944 -0.002222227409504328 -0.2466677135545097 0.29333330503906746
0.32000000000000006 0.030814900326374375 0.2939267206804207 -0.002370375903471283 -0.263112227791477 0.31288885870833866
0.3400000000000001 0.032740831596772775 0.312297140722947 -0.0025185243974382384 -0.2795567420284444 0.3324444123776098
0.3600000000000001 0.03466676286717117 0.3306675607654733 -0.0026666728914051937 -0.2960012562654117 0.351999966046881
0.3800000000000001 0.03659269413756957 0.3490379808079996 -0.002814821385372149 -0.31244577050237904 0.3715555197161522
0.40000000000000013 0.038518625407967966 0.36740840085052584 -0.0029629698793391043 -0.3288902847393463 0.39111107338542334
0.42000000000000015 0.04044455667836637 0.38577882089305215 -0.0031111183733060596 -0.34533479897631364 0.4106666270546945
0.44000000000000017 0.042370487948764766 0.40414924093557847 -0.003259266867273015 -0.36177931321328094 0.4302221807239657
0.4600000000000002 0.04429641921916316 0.4225196609781048 -0.0034074153612399702 -0.3782238274502483 0.44977773439323687
0.4800000000000002 0.04622235048956157 0.4408900810206311 -0.0035555638552069255 -0.3946683416872156 0.469333288062508
0.5000000000000002 0.048148281759959964 0.4592605010631574 -0.003703712349173881 -0.41111285592418295 0.4888888417317792
0.5200000000000002 0.05007421303035837 0.4776309211056837 -0.003851860843140836 -0.42755737016115025 0.5084443954010504
0.5400000000000003 0.052000144300756765 0.49600134114821 -0.004000009337107791 -0.4440018843981176 0.5279999490703216
0.5600000000000003 0.05392607557115516 0.5143717611907364 -0.004148157831074747 -0.4604463986350849 0.5475555027395927
0.5800000000000003 0.055852006841553566 0.5327421812332627 -0.004296306325041702 -0.4768909128720522 0.567111056408864
0.6000000000000003 0.05777793811195196 0.5511126012757889 -0.004444454819008657 -0.49333542710901956 0.5866666100781351
0.6200000000000003 0.059703869382350366 0.5694830213183152 -0.004592603312975612 -0.5097799413459869 0.6062221637474062
0.6400000000000003 0.06162980065274876 0.5878534413608415 -0.004740751806942568 -0.5262244555829542 0.6257777174166774
0.6600000000000004 0.06355573192314716 0.6062238614033678 -0.004888900300909523 -0.5426689698199215 0.6453332710859486
0.6800000000000004 0.06548166319354556 0.6245942814458941 -0.005037048794876479 -0.5591134840568889 0.6648888247552198
0.6729355410943365 0.06480138007780244 0.6181054275723835 -0.0049847193474982015 -0.5533049043043559 0.6579813544915163
0.6529355410943365 0.06287544880740405 0.5997350075298572 -0.004836570853531246 -0.5368603900673885 0.6384258008222451
0.6329355410943365 0.06094951753700564 0.581364587487331 -0.004688422359564291 -0.5204158758304211 0.6188702471529739
0.6129355410943365 0.05902358626660724 0.5629941674448047 -0.004540273865597335 -0.5039713615934538 0.5993146934837027
0.5929355410943364 0.05709765499620884 0.5446237474022784 -0.00439212537163038 -0.48752684735648655 0.5797591398144315
0.5729355410943365 0.05517172372581045 0.526253327359752 -0.0042439768776634254 -0.4710823331195193 0.5602035861451604
0.5529355410943366 0.053245792455412055 0.5078829073172259 -0.004095828383696471 -0.454637818882552 0.5406480324758893
0.5329355410943366 0.051319861185013665 0.48951248727469965 -0.003947679889729516 -0.43819330464558476 0.5210924788066182
0.5129355410943367 0.049393929914615275 0.47114206723217344 -0.0037995313957625613 -0.4217487904086175 0.5015369251373472
0.4929355410943368 0.047467998644216886 0.45277164718964724 -0.003651382901795607 -0.40530427617165027 0.48198137146807607
0.4729355410943369 0.045542067373818496 0.434401227147121 -0.003503234407828652 -0.38885976193468297 0.462425817798805
0.4529355410943369 0.043616136103420106 0.4160308071045947 -0.003355085913861697 -0.3724152476977157 0.4428702641295339
0.432935541094337 0.041690204833021716 0.3976603870620685 -0.0032069374198947427 -0.3559707334607485 0.4233147104602628
0.41293554109433706 0.039764273562623326 0.3792899670195423 -0.0030587889259277882 -0.33952621922378123 0.4037591567909917
0.39293554109433715 0.03783834229222493 0.3609195469770161 -0.0029106404319608334 -0.323081704986814 0.38420360312172064
0.3729355410943372 0.03591241102182654 0.34254912693448986 -0.002762491937993879 -0.30663719074984674 0.3646480494524495
0.3529355410943373 0.03398647975142815 0.32417870689196365 -0.002614343444026924 -0.2901926765128795 0.3450924957831784
0.3329355410943373 0.03206054848102976 0.3058082868494374 -0.0024661949500599696 -0.27374816227591225 0.3255369421139073
0.3129355410943374 0.03013461721063137 0.2874378668069112 -0.0023180464560930147 -0.25730364803894495 0.30598138844463624
0.2929355410943375 0.028208685940232972 0.269067446764385 -0.0021698979621260603 -0.2408591338019777 0.28642583477536515
0.27293554109433754 0.026282754669834582 0.25069702672185873 -0.0020217494681591054 -0.22441461956501046 0.26687028110609406
0.25293554109433763 0.024356823399436192 0.23232660667933253 -0.001873600974192151 -0.20797010532804322 0.24731472743682298
0.23293554109433767 0.022430892129037802 0.21395618663680632 -0.0017254524802251961 -0.19152559109107598 0.2277591737675519
0.21293554109433777 0.020504960858639412 0.19558576659428006 -0.0015773039862582417 -0.17508107685410873 0.2082036200982808
0.19293554109433786 0.018579029588241022 0.17721534655175386 -0.0014291554922912868 -0.15863656261714149 0.18864806642900972
0.17293554109433795 0.016653098317842625 0.1588449265092276 -0.0012810069983243324 -0.14219204838017419 0.16909251275973858
0.15293554109433793 0.014727167047444235 0.1404745064667014 -0.0011328585043573775 -0.12574753414320694 0.1495369590904675
0.13293554109433803 0.012801235777045845 0.12210408642417514 -0.0009847100103904226 -0.1093030199062397 0.1299814054211964
0.11293554109433812 0.010875304506647455 0.10373366638164894 -0.0008365615164234686 -0.09285850566927245 0.11042585175192532
0.09293554109433821 0.008949373236249065 0.08536324633912273 -0.0006884130224565138 -0.0764139914323052 0.09087029808265423
0.0729355410943382 0.0070234419658506755 0.06699282629659653 -0.0005402645284895589 -0.05996947719533796 0.07131474441338315
0.05293554109433829 0.005097510695452279 0.04862240625407033 -0.0003921160345226049 -0.043524962958370716 0.05175919074411206
0.03293554109433838 0.0031715794250538887 0.030251986211544013 -0.00024396754055565004 -0.02708044872140347 0.032203637074840974
0.012935541094338476 0.0012456481546554987 0.01188156616901781 -9.581904658869517e-05 -0.010635934484436227 0.012648083405569888
0.0 0.0 0.0 0.0 0.0 0.0
0.0007410236822001821 -0.0022222222222222222 -0.020000000000000004 0.0 0.017037178507766728 0.0
0.0014820473644003643 -0.0044444444444444444 -0.04000000000000001 0.0 0.034074357015533456 0.0
0.002223071046600547 -0.006666666666666668 -0.06000000000000001 0.0 0.051111535523300194 0.0
0.0029640947288007286 -0.008888888888888889 -0.08000000000000002 0.0 0.06814871403106691 0.0
0.0037051184110009107 -0.011111111111111112 -0.1 0.0 0.08518589253883364 0.0
0.004446142093201093 -0.013333333333333334 -0.12 0.0 0.10222307104660038 0.0
0.005187165775401275 -0.015555555555555555 -0.13999999999999999 0.0 0.11926024955436709 0.0
0.005928189457601456 -0.017777777777777778 -0.16 0.0 0.13629742806213382 0.0
0.006669213139801638 -0.02 -0.18 0.0 0.15333460656990056 0.0
0.0074102368220018205 -0.02222222222222222 -0.19999999999999998 0.0 0.17037178507766726 0.0
0.008151260504202002 -0.024444444444444442 -0.21999999999999997 0.0 0.187408963585434 0.0
0.008892284186402186 -0.02666666666666667 -0.24 0.0 0.20444614209320075 0.0
0.009633307868602368 -0.02888888888888889 -0.26 0.0 0.22148332060096748 0.0
0.010374331550802552 -0.031111111111111114 -0.28 0.0 0.2385204991087342 0.0
0.011115355233002734 -0.03333333333333334 -0.30000000000000004 0.0 0.25555767761650094 0.0
0.010892927440126423 -0.03266630474026328 -0.2939967426623695 0.0 0.2504437492720374 0.0
0.01015190375792624 -0.03044408251804106 -0.2739967426623695 0.0 0.23340657076427063 0.0
0.009410880075726057 -0.028221860295818836 -0.2539967426623695 0.0 0.2163693922565039 0.0
0.008669856393525875 -0.025999638073596613 -0.23399674266236947 0.0 0.19933221374873716 0.0
0.007928832711325693 -0.02377741585137439 -0.2139967426623695 0.0 0.18229503524097046 0.0
0.00718780902912551 -0.021555193629152168 -0.1939967426623695 0.0 0.1652578567332037 0.0
0.006446785346925327 -0.019332971406929945 -0.17399674266236945 0.0 0.14822067822543694 0.0
0.005705761664725145 -0.01711074918470772 -0.15399674266236943 0.0 0.1311834997176702 0.0
0.004964737982524962 -0.014888526962485497 -0.1339967426623694 0.0 0.11414632120990348 0.0
0.004223714300324779 -0.01266630474026327 -0.1139967426623694 0.0 0.09710914270213672 0.0
0.0034826906181245967 -0.010444082518041048 -0.09399674266236938 0.0 0.08007196419436999 0.0
0.002741666935924413 -0.008221860295818822 -0.07399674266236936 0.0 0.06303478568660323 0.0
0.0020006432537242307 -0.005999638073596599 -0.05399674266236937 0.0 0.0459976071788365 0.0
0.0012596195715240486 -0.003777415851374373 -0.03399674266236935 0.0 0.028960428671069738 0.0
0.0005185958893238647 -0.0015551936291521504 -0.013996742662369333 0.0 0.011923250163303006 0.0
0.0 0.0 0.0 0.0 0.0 0.0
0.0 0.0 0.0 0.0 0.0 0.0
-0.0007410236822001638 0.002222222222222224 0.020000000000000004 0.0 -0.017037178507766756 0.0
-0.0014820473644003276 0.004444444444444448 0.04000000000000001 0.0 -0.03407435701553351 0.0
-0.0022230710466004918 0.006666666666666672 0.06000000000000001 0.0 -0.05111153552330027 0.0
-0.0029640947288006553 0.008888888888888896 0.08000000000000002 0.0 -0.06814871403106702 0.0
-0.0037051184110008187 0.011111111111111118 0.1 0.0 -0.08518589253883377 0.0
-0.004446142093200983 0.013333333333333341 0.12 0.0 -0.10222307104660051 0.0
-0.005187165775401146 0.015555555555555566 0.13999999999999999 0.0 -0.11926024955436727 0.0
-0.00592818945760131 0.017777777777777788 0.16 0.0 -0.13629742806213402 0.0
-0.006669213139801473 0.02000000000000001 0.18 0.0 -0.15333460656990078 0.0
-0.007410236822001637 0.022222222222222233 0.19999999999999998 0.0 -0.1703717850776675 0.0
-0.0081512605042018 0.024444444444444456 0.21999999999999997 0.0 -0.18740896358543427 0.0
-0.008892284186401965 0.026666666666666682 0.24 0.0 -0.20444614209320103 0.0
-0.009633307868602128 0.02888888888888891 0.26 0.0 -0.22148332060096781 0.0
-0.010374331550802293 0.031111111111111135 0.28 0.0 -0.23852049910873457 0.0
-0.011115355233002458 0.03333333333333336 0.30000000000000004 0.0 -0.25555767761650133 0.0
-0.010892927440126146 0.03266630474026328 0.29399674266236936 0.0 -0.2504437492720376 0.0
-0.010151903757925981 0.030444082518041055 0.27399674266236934 0.0 -0.23340657076427085 0.0
-0.009410880075725816 0.02822186029581883 0.2539967426623693 0.0 -0.2163693922565041 0.0
-0.008669856393525651 0.025999638073596603 0.2339967426623693 0.0 -0.19933221374873733 0.0
-0.007928832711325488 0.023777415851374384 0.21399674266236934 0.0 -0.18229503524097057 0.0
-0.007187809029125324 0.021555193629152158 0.19399674266236933 0.0 -0.1652578567332038 0.0
-0.0064467853469251605 0.01933297140692993 0.1739967426623693 0.0 -0.14822067822543705 0.0
-0.005705761664724996 0.017110749184707705 0.1539967426623693 0.0 -0.1311834997176703 0.0
-0.004964737982524831 0.01488852696248548 0.13399674266236927 0.0 -0.1141463212099035 0.0
-0.004223714300324667 0.012666304740263253 0.11399674266236925 0.0 -0.09710914270213675 0.0
-0.003482690618124503 0.01044408251804103 0.09399674266236924 0.0 -0.08007196419436999 0.0
-0.0027416669359243383 0.008221860295818804 0.07399674266236922 0.0 -0.0630347856866032 0.0
-0.0020006432537241735 0.005999638073596578 0.0539967426623692 0.0 -0.04599760717883644 0.0
-0.0012596195715240087 0.003777415851374352 0.033996742662369184 0.0 -0.028960428671069655 0.0
-0.0005185958893238456 0.0015551936291521296 0.013996742662369166 0.0 -0.011923250163302895 0.0
0.0 0.0 0.0 0.0 0.0 0.0
-0.01123734274820682 0.0003032752997381596 0.0004697374379031781 0.00022907148435192908 9.607370900953801e-05 -0.020000000000000004
-0.02247468549641364 0.0006065505994763193 0.0009394748758063562 0.00045814296870385816 0.00019214741801907602 -0.04000000000000001
-0.03371202824462046 0.000909825899214479 0.0014092123137095344 0.0006872144530557872 0.00028822112702861404 -0.06000000000000001
-0.04494937099282728 0.0012131011989526385 0.0018789497516127124 0.0009162859374077163 0.00038429483603815204 -0.08000000000000002
-0.056186713741034094 0.0015163764986907981 0.0023486871895158903 0.0011453574217596453 0.00048036854504769004 -0.1
-0.06742405648924091 0.0018196517984289578 0.0028184246274190685 0.0013744289061115742 0.000576442254057228 -0.12
-0.07866139923744772 0.0021229270981671174 0.003288162065322246 0.0016035003904635032 0.000672515963066766 -0.13999999999999999
-0.08989874198565455 0.002426202397905277 0.0037578995032254243 0.0018325718748154322 0.000768589672076304 -0.16
-0.10113608473386136 0.002729477697643436 0.004227636941128602 0.0020616433591673614 0.000864663381085842 -0.18
-0.11237342748206817 0.003032752997381596 0.00469737437903178 0.00229071484351929 0.00096073709009538 -0.19999999999999998
-0.12361077023027499 0.0033360282971197554 0.005167111816934958 0.0025197863278712193 0.001056810799104918 -0.21999999999999997
-0.13484811297848182 0.0036393035968579155 0.005636849254838137 0.0027488578122231485 0.001152884508114456 -0.24
-0.14608545572668866 0.0039425788965960756 0.006106586692741315 0.0029779292965750777 0.0012489582171239942 -0.26
-0.15732279847489547 0.004245854196334235 0.006576324130644493 0.0032070007809270073 0.0013450319261335323 -0.28
-0.1685601412231023 0.004549129496072395 0.007046061568547672 0.0034360722652789365 0.0014411056351430703 -0.30000000000000004
-0.17979748397130912 0.004852404795810555 0.00751579900645085 0.0036651437496308657 0.0015371793441526084 -0.32000000000000006
-0.19103482671951597 0.005155680095548715 0.007985536444354029 0.003894215233982795 0.0016332530531621464 -0.3400000000000001
-0.2022721694677228 0.005458955395286875 0.008455273882257208 0.0041232867183347245 0.0017293267621716847 -0.3600000000000001
-0.21350951221592962 0.005762230695025035 0.008925011320160386 0.004352358202686654 0.0018254004711812228 -0.3800000000000001
-0.22474685496413643 0.006065505994763194 0.009394748758063563 0.004581429687038582 0.0019214741801907606 -0.40000000000000013
-0.23598419771234325 0.006368781294501353 0.009864486195966742 0.004810501171390511 0.0020175478892002986 -0.42000000000000015
-0.2472215404605501 0.0066720565942395135 0.01033422363386992 0.00503957265574244 0.0021136215982098367 -0.44000000000000017
-0.25845888320875693 0.0069753318939776736 0.010803961071773099 0.0052686441400943695 0.0022096953072193747 -0.4600000000000002
-0.26969622595696374 0.007278607193715834 0.011273698509676277 0.0054977156244463 0.002305769016228913 -0.4800000000000002
-0.28093356870517056 0.007581882493453994 0.011743435947579456 0.005726787108798229 0.002401842725238451 -0.5000000000000002
-0.2921709114533774 0.007885157793192153 0.012213173385482634 0.005955858593150158 0.0024979164342479893 -0.5200000000000002
-0.30340825420158424 0.008188433092930313 0.012682910823385813 0.006184930077502087 0.0025939901432575274 -0.5400000000000003
-0.3057188278067288 0.00825079124274995 0.012779496195006741 0.0062320307611151505 0.002613744401996427 -0.5441123131276091
-0.29448148505852195 0.00794751594301179 0.012309758757103563 0.006002959276763221 0.002517670692986889 -0.5241123131276091
-0.28324414231031514 0.007644240643273631 0.011840021319200384 0.005773887792411292 0.002421596983977351 -0.5041123131276091
-0.2720067995621083 0.0073409653435354705 0.011370283881297205 0.005544816308059363 0.0023255232749678128 -0.48411231312760905
-0.26076945681390146 0.0070376900437973105 0.010900546443394027 0.005315744823707434 0.0022294495659582747 -0.46411231312760903
-0.24953211406569464 0.00673441474405915 0.010430809005490848 0.0050866733393555045 0.0021333758569487367 -0.444112313127609
-0.23829477131748783 0.006431139444320991 0.00996107156758767 0.004857601855003575 0.0020373021479391986 -0.424112313127609
-0.227057428569281 0.006127864144582831 0.009491334129684491 0.004628530370651646 0.0019412284389296603 -0.404112313127609
-0.21582008582107415 0.005824588844844671 0.009021596691781313 0.004399458886299717 0.0018451547299201223 -0.38411231312760896
-0.20458274307286733 0.005521313545106512 0.008551859253878136 0.004170387401947787 0.001749081020910584 -0.36411231312760894
-0.19334540032466052 0.005218038245368352 0.008082121815974955 0.003941315917595858 0.0016530073119010462 -0.3441123131276089
-0.18210805757645368 0.004914762945630192 0.007612384378071778 0.003712244433243929 0.001556933602891508 -0.3241123131276089
-0.1708707148282469 0.0046114876458920335 0.007142646940168601 0.0034831729488920007 0.0014608598938819703 -0.304112313127609
-0.1596333720800401 0.004308212346153874 0.006672909502265425 0.0032541014645400723 0.0013647861848724327 -0.28411231312760904
-0.14839602933183335 0.004004937046415716 0.006203172064362249 0.0030250299801881445 0.001268712475862895 -0.26411231312760913
-0.13715868658362657 0.0037016617466775576 0.005733434626459072 0.002795958495836216 0.0011726387668533572 -0.24411231312760917
-0.12592134383541978 0.0033983864469393985 0.005263697188555896 0.002566887011484288 0.0010765650578438196 -0.22411231312760926
-0.114684001087213 0.00309511114720124 0.004793959750652719 0.0023378155271323595 0.000980491348834282 -0.2041123131276093
-0.10344665833900624 0.002791835847463082 0.004324222312749542 0.002108744042780431 0.0008844176398247444 -0.1841123131276094
-0.09220931559079945 0.0024885605477249235 0.0038544848748463673 0.0018796725584285029 0.0007883439308152068 -0.16411231312760943
-0.08097197284259267 0.0021852852479867643 0.0033847474369431904 0.0016506010740765745 0.0006922702218056689 -0.14411231312760953
-0.06973463009438588 0.001882009948248606 0.0029150099990400136 0.0014215295897246462 0.0005961965127961313 -0.12411231312760962
-0.058497287346179094 0.0015787346485104476 0.0024452725611368367 0.001192458105372718 0.0005001228037865937 -0.10411231312760966
-0.047259944597972336 0.0012754593487722893 0.0019755351232336616 0.0009633866210207905 0.00040404909477705607 -0.08411231312760975
-0.03602260184976558 0.0009721840490341301 0.0015057976853304848 0.0007343151366688621 0.00030797538576751845 -0.06411231312760979
-0.024785259101558765 0.0006689087492959718 0.001036060247427308 0.0005052436523169338 0.00021190167675798083 -0.04411231312760988
-0.013547916353352008 0.0003656334495578135 0.0005663228095241311 0.0002761721679650055 0.00011582796774844278 -0.024112313127609974
-0.002310573605145194 6.235814981965515e-05 9.658537162095596e-05 4.710068361307718e-05 1.9754258738905166e-05 -0.004112313127610068
0.0 0.0 0.0 0.0 0.0 0.0
-0.012530882031695924 0.00582372050087731 -0.009113599368618356 0.0004919505887492866 0.01490138185200584 0.020000000000000004
-0.025061764063391848 0.01164744100175462 -0.018227198737236713 0.0009839011774985733 0.02980276370401168 0.04000000000000001
-0.03759264609508777 0.01747116150263193 -0.027340798105855074 0.00147585176624786 0.04470414555601752 0.06000000000000001
-0.050123528126783695 0.02329488200350924 -0.036454397474473425 0.0019678023549971465 0.05960552740802336 0.08000000000000002
-0.06265441015847961 0.02911860250438655 -0.04556799684309178 0.002459752943746433 0.07450690926002919 0.1
-0.07518529219017553 0.034942323005263856 -0.05468159621171014 0.0029517035324957194 0.08940829111203502 0.12
-0.08771617422187145 0.040766043506141166 -0.06379519558032849 0.0034436541212450058 0.10430967296404085 0.13999999999999999
-0.10024705625356738 0.046589764007018475 -0.07290879494894685 0.003935604709994292 0.11921105481604669 0.16
-0.1127779382852633 0.052413484507895784 -0.08202239431756521 0.004427555298743579 0.13411243666805253 0.18
-0.1253088203169592 0.058237205008773094 -0.09113599368618355 0.004919505887492865 0.14901381852005835 0.19999999999999998
-0.13783970234865514 0.0640609255096504 -0.10024959305480191 0.005411456476242152 0.1639152003720642 0.21999999999999997
-0.15037058438035106 0.06988464601052771 -0.10936319242342028 0.005903407064991439 0.17881658222407004 0.24
-0.162901466412047 0.07570836651140503 -0.11847679179203864 0.006395357653740726 0.1937179640760759 0.26
-0.17543234844374292 0.08153208701228234 -0.127590391160657 0.006887308242490013 0.20861934592808176 0.28
-0.18796323047543886 0.08735580751315966 -0.13670399052927537 0.0073792588312393 0.2235207277800876 0.30000000000000004
-0.2004941125071348 0.09317952801403698 -0.14581758989789373 0.007871209419988586 0.23842210963209345 0.32000000000000006
-0.21302499453883073 0.0990032485149143 -0.1549311892665121 0.008363160008737875 0.25332349148409933 0.3400000000000001
-0.22555587657052667 0.10482696901579161 -0.16404478863513047 0.008855110597487162 0.2682248733361052 0.3600000000000001
-0.2380867586022226 0.11065068951666893 -0.17315838800374883 0.009347061186236448 0.283126255188111 0.3800000000000001
-0.2506176406339185 0.11647441001754623 -0.18227198737236716 0.009839011774985734 0.2980276370401168 0.40000000000000013
-0.26314852266561445 0.12229813051842355 -0.19138558674098555 0.01033096236373502 0.31292901889212266 0.42000000000000015
-0.2756794046973104 0.12812185101930085 -0.2004991861096039 0.010822912952484307 0.3278304007441285 0.44000000000000017
-0.2882102867290063 0.13394557152017816 -0.20961278547822226 0.011314863541233596 0.34273178259613435 0.4600000000000002
-0.3007411687607022 0.13976929202105548 -0.21872638484684062 0.011806814129982883 0.35763316444814025 0.4800000000000002
-0.31327205079239817 0.1455930125219328 -0.227839984215459 0.01229876471873217 0.3725345463001461 0.5000000000000002
-0.3258029328240941 0.1514167330228101 -0.23695358358407737 0.012790715307481456 0.38743592815215194 0.5200000000000002
-0.32924826385069994 0.15301794871386848 -0.23945934228401033 0.012925975748261898 0.3915330214855785 0.5254989441571492
-0.316717381819004 0.14719422821299116 -0.23034574291539198 0.012434025159512611 0.37663163963357266 0.5054989441571491
-0.30418649978730805 0.14137050771211385 -0.22123214354677362 0.011942074570763324 0.3617302577815668 0.4854989441571491
-0.2916556177556121 0.13554678721123653 -0.21211854417815526 0.011450123982014037 0.34682887592956096 0.4654989441571491
-0.2791247357239162 0.12972306671035921 -0.2030049448095369 0.010958173393264749 0.3319274940775551 0.4454989441571491
-0.2665938536922203 0.1238993462094819 -0.19389134544091852 0.010466222804515462 0.3170261122255493 0.42549894415714906
-0.25406297166052433 0.11807562570860458 -0.18477774607230016 0.009974272215766175 0.3021247303735434 0.40549894415714904
-0.24153208962882838 0.11225190520772726 -0.1756641467036818 0.009482321627016888 0.2872233485215375 0.385498944157149
-0.22900120759713247 0.10642818470684995 -0.16655054733506341 0.008990371038267601 0.2723219666695317 0.365498944157149
-0.21647032556543655 0.10060446420597265 -0.15743694796644508 0.008498420449518315 0.25742058481752583 0.345498944157149
-0.2039394435337406 0.09478074370509533 -0.1483233485978267 0.008006469860769028 0.24251920296552001 0.325498944157149
-0.19140856150204466 0.08895702320421801 -0.13920974922920834 0.007514519272019741 0.22761782111351414 0.30549894415714896
-0.17887767947034874 0.0831333027033407 -0.13009614986058998 0.007022568683270454 0.2127164392615083 0.28549894415714894
-0.16634679743865285 0.07730958220246341 -0.12098255049197165 0.006530618094521169 0.1978150574095025 0.265498944157149
-0.15381591540695697 0.07148586170158612 -0.11186895112335332 0.006038667505771884 0.18291367555749674 0.24549894415714907
-0.1412850333752611 0.06566214120070883 -0.10275535175473499 0.005546716917022599 0.16801229370549095 0.2254989441571491
-0.12875415134356522 0.05983842069983154 -0.09364175238611666 0.0050547663282733135 0.15311091185348516 0.2054989441571492
-0.11622326931186935 0.054014700198954255 -0.08452815301749836 0.00456281573952403 0.1382095300014794 0.18549894415714924
-0.10369238728017346 0.048190979698076966 -0.07541455364888003 0.004070865150774745 0.1233081481494736 0.16549894415714933
-0.09116150524847758 0.04236725919719968 -0.0663009542802617 0.00357891456202546 0.10840676629746782 0.14549894415714937
-0.07863062321678171 0.03654353869632239 -0.05718735491164337 0.003086963973276175 0.09350538444546203 0.12549894415714946
-0.06609974118508583 0.030719818195445087 -0.048073755543025065 0.0025950133845268897 0.07860400259345623 0.10549894415714955
-0.053568859153389936 0.024896097694567798 -0.038960156174406735 0.0021030627957776046 0.06370262074145044 0.08549894415714959
-0.04103797712169405 0.01907237719369051 -0.029846556805788405 0.0016111122070283212 0.048801238889444654 0.06549894415714969
-0.028507095089998213 0.013248656692813221 -0.020732957437170074 0.001119161618279036 0.03389985703743886 0.04549894415714972
-0.015976213058302324 0.0074249361919359325 -0.011619358068551744 0.000627211029529751 0.018998475185433072 0.025498944157149817
-0.003445331026606435 0.001601215691058644 -0.0025057586999334414 0.00013526044078046584 0.004097093333427337 0.00549894415714991
0.0 0.0 0.0 0.0 0.0 0.0
-0.0013333078686019813 0.011999999999999997 -0.006666157372039715 -0.003999992360580595 0.020000000000000004 0.0
-0.0026666157372039626 0.023999999999999994 -0.01333231474407943 -0.00799998472116119 0.04000000000000001 0.0
-0.003999923605805944 0.036 -0.019998472116119145 -0.011999977081741785 0.06000000000000001 0.0
-0.005333231474407925 0.04799999999999999 -0.02666462948815886 -0.01599996944232238 0.08000000000000002 0.0
-0.006666539343009906 0.059999999999999984 -0.03333078686019857 -0.019999961802902973 0.1 0.0
-0.007999847211611887 0.07199999999999998 -0.039996944232238284 -0.023999954163483567 0.12 0.0
-0.009333155080213868 0.08399999999999998 -0.046663101604278 -0.02799994652406416 0.13999999999999999 0.0
-0.010666462948815849 0.09599999999999996 -0.05332925897631771 -0.03199993888464475 0.16 0.0
-0.01199977081741783 0.10799999999999996 -0.05999541634835743 -0.035999931245225346 0.18 0.0
-0.01333307868601981 0.11999999999999995 -0.06666157372039713 -0.03999992360580594 0.19999999999999998 0.0
-0.014666386554621791 0.13199999999999995 -0.07332773109243686 -0.043999915966386534 0.21999999999999997 0.0
-0.014509466319550059 0.13058769091130068 -0.07254317487216759 -0.043529147169255246 0.21764615151883454 0.0
-0.013176158450948076 0.11858769091130068 -0.06587701750012787 -0.039529154808674645 0.19764615151883452 0.0
-0.011842850582346093 0.10658769091130067 -0.05921086012808814 -0.03552916244809405 0.1776461515188345 0.0
-0.010509542713744111 0.09458769091130068 -0.052544702756048424 -0.03152917008751345 0.1576461515188345 0.0
-0.009176234845142128 0.08258769091130067 -0.045878545384008707 -0.02752917772693285 0.13764615151883447 0.0
-0.007842926976540146 0.07058769091130065 -0.03921238801196898 -0.02352918536635225 0.11764615151883445 0.0
-0.006509619107938163 0.058587690911300644 -0.03254623063992926 -0.019529193005771654 0.09764615151883443 0.0
-0.0051763112393361805 0.04658769091130063 -0.02588007326788954 -0.015529200645191057 0.07764615151883442 0.0
-0.0038430033707342014 0.034587690911300664 -0.019213915895849837 -0.011529208284610466 0.057646151518834426 0.0
-0.0025096955021322188 0.022587690911300654 -0.012547758523810112 -0.007529215924029865 0.03764615151883441 0.0
-0.001176387633530238 0.010587690911300657 -0.005881601151770388 -0.0035292235634492714 0.01764615151883439 0.0
0.0 0.0 0.0 0.0 0.0 0.0
0.0 0.0 0.0 0.0 0.0 0.0
0.0013333078686019813 -0.012000000000000004 0.006666157372039698 0.003999992360580595 -0.020000000000000004 0.0
0.0026666157372039626 -0.024000000000000007 0.013332314744079397 0.00799998472116119 -0.04000000000000001 0.0
0.003999923605805944 -0.03600000000000002 0.019998472116119097 0.011999977081741785 -0.06000000000000001 0.0
0.005333231474407925 -0.048000000000000015 0.026664629488158793 0.01599996944232238 -0.08000000000000002 0.0
0.006666539343009906 -0.06000000000000002 0.03333078686019849 0.019999961802902973 -0.1 0.0
0.007999847211611887 -0.07200000000000002 0.03999694423223819 0.023999954163483567 -0.12 0.0
0.009333155080213868 -0.08400000000000002 0.04666310160427788 0.02799994652406416 -0.13999999999999999 0.0
0.010666462948815849 -0.09600000000000002 0.05332925897631758 0.03199993888464475 -0.16 0.0
0.01199977081741783 -0.10800000000000003 0.059995416348357276 0.035999931245225346 -0.18 0.0
0.01333307868601981 -0.12000000000000002 0.06666157372039697 0.03999992360580594 -0.19999999999999998 0.0
0.014666386554621791 -0.13200000000000003 0.07332773109243666 0.043999915966386534 -0.21999999999999997 0.0
0.014509466319550059 -0.13058769091130076 0.0725431748721674 0.043529147169255246 -0.21764615151883454 0.0
0.013176158450948076 -0.11858769091130075 0.0658770175001277 0.039529154808674645 -0.19764615151883452 0.0
0.011842850582346093 -0.10658769091130074 0.05921086012808799 0.03552916244809405 -0.1776461515188345 0.0
0.010509542713744111 -0.09458769091130073 0.05254470275604829 0.03152917008751345 -0.1576461515188345 0.0
0.009176234845142128 -0.08258769091130072 0.04587854538400858 0.02752917772693285 -0.13764615151883447 0.0
0.007842926976540146 -0.0705876909113007 0.03921238801196888 0.02352918536635225 -0.11764615151883445 0.0
0.006509619107938163 -0.058587690911300686 0.032546230639929175 0.019529193005771654 -0.09764615151883443 0.0
0.0051763112393361805 -0.046587690911300675 0.02588007326788947 0.015529200645191057 -0.07764615151883442 0.0
0.0038430033707342014 -0.03458769091130068 0.01921391589584978 0.011529208284610466 -0.057646151518834426 0.0
0.0025096955021322188 -0.022587690911300667 0.012547758523810085 0.007529215924029865 -0.03764615151883441 0.0
0.001176387633530238 -0.010587690911300657 0.005881601151770374 0.0035292235634492714 -0.01764615151883439 0.0
0.0 0.0 0.0 0.0 0.0 0.0
-0.0055555656606536274 -0.006031758302222263 -0.014126987735947725 -0.0003174611547398721 0.007936528868496802 -0.020000000000000004
-0.011111131321307255 -0.012063516604444526 -0.02825397547189545 -0.0006349223094797442 0.015873057736993604 -0.04000000000000001
-0.016666696981960886 -0.018095274906666788 -0.04238096320784318 -0.0009523834642196164 0.02380958660549041 -0.06000000000000001
-0.02222226264261451 -0.02412703320888905 -0.0565079509437909 -0.0012698446189594885 0.03174611547398721 -0.08000000000000002
-0.027777828303268137 -0.03015879151111131 -0.07063493867973862 -0.0015873057736993604 0.03968264434248401 -0.1
-0.033333393963921765 -0.03619054981333357 -0.08476192641568635 -0.0019047669284392324 0.04761917321098081 -0.12
-0.03888895962457539 -0.04222230811555583 -0.09888891415163406 -0.0022222280831791044 0.05555570207947761 -0.13999999999999999
-0.04444452528522901 -0.048254066417778095 -0.11301590188758179 -0.0025396892379189765 0.0634922309479744 -0.16
-0.05000009094588264 -0.054285824720000354 -0.12714288962352951 -0.0028571503926588487 0.0714287598164712 -0.18
-0.05555565660653627 -0.060317583022222614 -0.14126987735947721 -0.0031746115473987205 0.079365288684968 -0.19999999999999998
-0.061111222267189895 -0.06634934132444488 -0.15539686509542494 -0.0034920727021385926 0.0873018175534648 -0.21999999999999997
-0.06666678792784353 -0.07238109962666714 -0.1695238528313727 -0.003809533856878465 0.09523834642196162 -0.24
-0.07222235358849716 -0.07841285792888941 -0.18365084056732042 -0.004126995011618337 0.10317487529045843 -0.26
-0.0777779192491508 -0.08444461623111167 -0.19777782830326815 -0.00444445616635821 0.11111140415895523 -0.28
-0.08333348490980443 -0.09047637453333394 -0.2119048160392159 -0.004761917321098082 0.11904793302745205 -0.30000000000000004
-0.08888905057045805 -0.09650813283555622 -0.22603180377516363 -0.005079378475837955 0.12698446189594886 -0.32000000000000006
-0.0944446162311117 -0.10253989113777848 -0.24015879151111136 -0.0053968396305778266 0.13492099076444566 -0.3400000000000001
-0.10000018189176532 -0.10857164944000075 -0.2542857792470591 -0.005714300785317699 0.14285751963294246 -0.3600000000000001
-0.10555574755241895 -0.11460340774222301 -0.26841276698300687 -0.006031761940057572 0.1507940485014393 -0.3800000000000001
-0.11111131321307258 -0.12063516604444527 -0.28253975471895454 -0.0063492230947974435 0.15873057736993607 -0.40000000000000013
-0.1166668788737262 -0.12666692434666754 -0.29666674245490227 -0.006666684249537315 0.1666671062384329 -0.42000000000000015
-0.12222244453437983 -0.13269868264888982 -0.31079373019085 -0.006984145404277188 0.1746036351069297 -0.44000000000000017
-0.12777801019503346 -0.13873044095111206 -0.3249207179267978 -0.0073016065590170605 0.1825401639754265 -0.4600000000000002
-0.13333357585568711 -0.14476219925333433 -0.3390477056627455 -0.007619067713756933 0.1904766928439233 -0.4800000000000002
-0.13888914151634074 -0.1507939575555566 -0.35317469339869323 -0.007936528868496806 0.19841322171242012 -0.5000000000000002
-0.14444470717699437 -0.15682571585777888 -0.36730168113464096 -0.008253990023236677 0.20634975058091692 -0.5200000000000002
-0.150000272837648 -0.16285747416000115 -0.3814286688705887 -0.00857145117797655 0.21428627944941372 -0.5400000000000003
-0.15555583849830162 -0.1688892324622234 -0.39555565660653647 -0.008888912332716423 0.22222280831791055 -0.5600000000000003
-0.16111140415895525 -0.17492099076444567 -0.4096826443424842 -0.009206373487456294 0.23015933718640735 -0.5800000000000003
-0.1666669698196089 -0.18095274906666795 -0.4238096320784319 -0.009523834642196166 0.23809586605490415 -0.6000000000000003
-0.17222253548026253 -0.18698450736889022 -0.43793661981437965 -0.00984129579693604 0.24603239492340098 -0.6200000000000003
-0.17777810114091616 -0.19301626567111246 -0.4520636075503274 -0.010158756951675911 0.2539689237918978 -0.6400000000000003
-0.1833336668015698 -0.19904802397333474 -0.4661905952862751 -0.010476218106415785 0.2619054526603946 -0.6600000000000004
-0.17955075544870774 -0.19494086219126844 -0.45657120717129923 -0.01026005156646045 0.25650128916151127 -0.6463815439005471
-0.17399518978805412 -0.18890910388904616 -0.4424442194353515 -0.009942590411720579 0.24856476029301444 -0.6263815439005471
-0.1684396241274005 -0.1828773455868239 -0.4283172316994038 -0.009625129256980705 0.24062823142451764 -0.6063815439005471
-0.16288405846674686 -0.17684558728460165 -0.41419024396345605 -0.009307668102240834 0.23269170255602084 -0.5863815439005471
-0.15732849280609323 -0.17081382898237937 -0.4000632562275083 -0.008990206947500962 0.224755173687524 -0.5663815439005471
-0.1517729271454396 -0.1647820706801571 -0.3859362684915606 -0.008672745792761088 0.2168186448190272 -0.546381543900547
-0.14621736148478598 -0.15875031237793485 -0.3718092807556129 -0.008355284638021218 0.20888211595053044 -0.5263815439005471
-0.14066179582413238 -0.1527185540757126 -0.3576822930196652 -0.008037823483281347 0.20094558708203367 -0.5063815439005472
-0.13510623016347878 -0.14668679577349036 -0.3435553052837175 -0.007720362328541477 0.1930090582135369 -0.4863815439005473
-0.12955066450282515 -0.14065503747126815 -0.3294283175477699 -0.007402901173801605 0.18507252934504012 -0.4663815439005473
-0.12399509884217155 -0.1346232791690459 -0.3153013298118222 -0.007085440019061734 0.17713600047654335 -0.4463815439005474
-0.11843953318151794 -0.12859152086682366 -0.3011743420758745 -0.006767978864321863 0.16919947160804658 -0.4263815439005475
-0.11288396752086434 -0.12255976256460141 -0.28704735433992684 -0.006450517709581992 0.1612629427395498 -0.40638154390054754
-0.10732840186021073 -0.11652800426237918 -0.27292036660397917 -0.0061330565548421215 0.15332641387105303 -0.38638154390054763
-0.10177283619955713 -0.11049624596015693 -0.2587933788680315 -0.005815595400102251 0.14538988500255626 -0.3663815439005477
-0.09621727053890351 -0.10446448765793469 -0.24466639113208383 -0.00549813424536238 0.13745335613405948 -0.34638154390054776
-0.0906617048782499 -0.09843272935571246 -0.23053940339613616 -0.005180673090622509 0.1295168272655627 -0.32638154390054785
-0.0851061392175963 -0.09240097105349021 -0.21641241566018848 -0.004863211935882637 0.12158029839706594 -0.3063815439005479
-0.07955057355694269 -0.08636921275126797 -0.2022854279242408 -0.004545750781142766 0.11364376952856917 -0.286381543900548
-0.07399500789628909 -0.08033745444904573 -0.18815844018829314 -0.004228289626402895 0.1057072406600724 -0.266381543900548
-0.06843944223563547 -0.0743056961468235 -0.17403145245234547 -0.0039108284716630245 0.09777071179157562 -0.24638154390054812
-0.06288387657498187 -0.06827393784460126 -0.1599044647163978 -0.0035933673169231536 0.08983418292307885 -0.2263815439005482
-0.057328310914328245 -0.06224217954237901 -0.14577747698045013 -0.0032759061621832827 0.08189765405458208 -0.20638154390054825
-0.051772745253674646 -0.056210421240156766 -0.13165048924450246 -0.002958445007443412 0.07396112518608527 -0.18638154390054834
-0.046217179593021046 -0.05017866293793452 -0.11752350150855478 -0.002640983852703541 0.0660245963175885 -0.16638154390054838
-0.040661613932367446 -0.044146904635712275 -0.10339651377260711 -0.0023235226979636692 0.05808806744909173 -0.14638154390054847
-0.03510604827171382 -0.03811514633349006 -0.08926952603665939 -0.0020060615432237992 0.050151538580594957 -0.12638154390054857
-0.02955048261106022 -0.03208338803126781 -0.07514253830071171 -0.0016886003884839275 0.042215009712098184 -0.10638154390054866
-0.02399491695040662 -0.026051629729045567 -0.06101555056476404 -0.0013711392337440575 0.03427848084360141 -0.08638154390054864
-0.018439351289752992 -0.02001987142682332 -0.04688856282881637 -0.0010536780790041857 0.026341951975104638 -0.06638154390054873
-0.012883785629099392 -0.013988113124601076 -0.0327615750928687 -0.0007362169242643157 0.018405423106607866 -0.04638154390054883
-0.007328219968445793 -0.00795635482237883 -0.01863458735692103 -0.000418755769524444 0.010468894238111093 -0.02638154390054892
-0.001772654307792193 -0.0019245965201566129 -0.004507599620973357 -0.00010129461478457225 0.00253236536961432 -0.006381543900548903
0.0 0.0 0.0 0.0 0.0 0.0
