0.0 0.0 0.0 0.0 0.0 0.0
0.020000000000000004 0.001925931270398398 0.01837042004252629 -0.0001481484939669552 -0.01644451423696731 0.019555553669271163
0.04000000000000001 0.003851862540796796 0.03674084008505258 -0.0002962969879339104 -0.03288902847393462 0.039111107338542325
0.06000000000000001 0.005777793811195195 0.05511126012757887 -0.0004444454819008656 -0.04933354271090194 0.058666661007813495
0.08000000000000002 0.007703725081593592 0.07348168017010516 -0.0005925939758678208 -0.06577805694786924 0.07822221467708465
0.1 0.00962965635199199 0.09185210021263145 -0.0007407424698347759 -0.08222257118483656 0.0977777683463558
0.12 0.011555587622390387 0.11022252025515773 -0.000888890963801731 -0.09866708542180387 0.11733332201562696
0.13999999999999999 0.013481518892788785 0.128592940297684 -0.001037039457768686 -0.11511159965877117 0.13688887568489813
0.16 0.015407450163187182 0.1469633603402103 -0.0011851879517356413 -0.13155611389573849 0.15644442935416927
0.18 0.01733338143358558 0.16533378038273658 -0.0013333364457025964 -0.14800062813270579 0.17599998302344044
0.19999999999999998 0.019259312703983976 0.18370420042526286 -0.0014814849396695515 -0.1644451423696731 0.19555553669271158
0.21999999999999997 0.021185243974382376 0.20207462046778915 -0.0016296334336365066 -0.18088965660664041 0.21511109036198275
0.24 0.023111175244780773 0.22044504051031547 -0.001777781927603462 -0.19733417084360774 0.23466664403125392
0.26 0.025037106515179174 0.23881546055284178 -0.0019259304215704174 -0.21377868508057504 0.2542221977005251
0.28 0.026963037785577574 0.25718588059536807 -0.0020740789155373725 -0.23022319931754237 0.27377775136979626
0.30000000000000004 0.028888969055975974 0.2755563006378944 -0.002222227409504328 -0.2466677135545097 0.29333330503906746
0.32000000000000006 0.030814900326374375 0.2939267206804207 -0.002370375903471283 -0.263112227791477 0.31288885870833866
0.3400000000000001 0.032740831596772775 0.312297140722947 -0.0025185243974382384 -0.2795567420284444 0.3324444123776098
0.3600000000000001 0.03466676286717117 0.3306675607654733 -0.0026666728914051937 -0.2960012562654117 0.351999966046881
0.3800000000000001 0.03659269413756957 0.3490379808079996 -0.002814821385372149 -0.31244577050237904 0.3715555197161522
0.40000000000000013 0.038518625407967966 0.36740840085052584 -0.0029629698793391043 -0.3288902847393463 0.39111107338542334
0.42000000000000015 0.04044455667836637 0.38577882089305215 -0.0031111183733060596 -0.34533479897631364 0.4106666270546945
0.44000000000000017 0.042370487948764766 0.40414924093557847 -0.003259266867273015 -0.36177931321328094 0.4302221807239657
0.4600000000000002 0.04429641921916316 0.4225196609781048 -0.0034074153612399702 -0.3782238274502483 0.44977773439323687
0.4800000000000002 0.04622235048956157 0.4408900810206311 -0.0035555638552069255 -0.3946683416872156 0.469333288062508
0.5000000000000002 0.048148281759959964 0.4592605010631574 -0.003703712349173881 -0.41111285592418295 0.4888888417317792
0.5200000000000002 0.05007421303035837 0.4776309211056837 -0.003851860843140836 -0.42755737016115025 0.5084443954010504
0.5400000000000003 0.052000144300756765 0.49600134114821 -0.004000009337107791 -0.4440018843981176 0.5279999490703216
0.5600000000000003 0.05392607557115516 0.5143717611907364 -0.004148157831074747 -0.4604463986350849 0.5475555027395927
0.5800000000000003 0.055852006841553566 0.5327421812332627 -0.004296306325041702 -0.4768909128720522 0.567111056408864
0.6000000000000003 0.05777793811195196 0.5511126012757889 -0.004444454819008657 -0.49333542710901956 0.5866666100781351
0.6200000000000003 0.059703869382350366 0.5694830213183152 -0.004592603312975612 -0.5097799413459869 0.6062221637474062
0.6400000000000003 0.06162980065274876 0.5878534413608415 -0.004740751806942568 -0.5262244555829542 0.6257777174166774
0.6600000000000004 0.06355573192314716 0.6062238614033678 -0.004888900300909523 -0.5426689698199215 0.6453332710859486
0.6800000000000004 0.06548166319354556 0.6245942814458941 -0.005037048794876479 -0.5591134840568889 0.6648888247552198
0.6729355410943365 0.06480138007780244 0.6181054275723835 -0.0049847193474982015 -0.5533049043043559 0.6579813544915163
0.6529355410943365 0.06287544880740405 0.5997350075298572 -0.004836570853531246 -0.5368603900673885 0.6384258008222451
0.6329355410943365 0.06094951753700564 0.581364587487331 -0.004688422359564291 -0.5204158758304211 0.6188702471529739
0.6129355410943365 0.05902358626660724 0.5629941674448047 -0.004540273865597335 -0.5039713615934538 0.5993146934837027
0.5929355410943364 0.05709765499620884 0.5446237474022784 -0.00439212537163038 -0.48752684735648655 0.5797591398144315
0.5729355410943365 0.05517172372581045 0.526253327359752 -0.0042439768776634254 -0.4710823331195193 0.5602035861451604
0.5529355410943366 0.053245792455412055 0.5078829073172259 -0.004095828383696471 -0.454637818882552 0.5406480324758893
0.5329355410943366 0.051319861185013665 0.48951248727469965 -0.003947679889729516 -0.43819330464558476 0.5210924788066182
0.5129355410943367 0.049393929914615275 0.47114206723217344 -0.0037995313957625613 -0.4217487904086175 0.5015369251373472
0.4929355410943368 0.047467998644216886 0.45277164718964724 -0.003651382901795607 -0.40530427617165027 0.48198137146807607
0.4729355410943369 0.045542067373818496 0.434401227147121 -0.003503234407828652 -0.38885976193468297 0.462425817798805
0.4529355410943369 0.043616136103420106 0.4160308071045947 -0.003355085913861697 -0.3724152476977157 0.4428702641295339
0.432935541094337 0.041690204833021716 0.3976603870620685 -0.0032069374198947427 -0.3559707334607485 0.4233147104602628
0.41293554109433706 0.039764273562623326 0.3792899670195423 -0.0030587889259277882 -0.33952621922378123 0.4037591567909917
0.39293554109433715 0.03783834229222493 0.3609195469770161 -0.0029106404319608334 -0.323081704986814 0.38420360312172064
0.3729355410943372 0.03591241102182654 0.34254912693448986 -0.002762491937993879 -0.30663719074984674 0.3646480494524495
0.3529355410943373 0.03398647975142815 0.32417870689196365 -0.002614343444026924 -0.2901926765128795 0.3450924957831784
0.3329355410943373 0.03206054848102976 0.3058082868494374 -0.0024661949500599696 -0.27374816227591225 0.3255369421139073
0.3129355410943374 0.03013461721063137 0.2874378668069112 -0.0023180464560930147 -0.25730364803894495 0.30598138844463624
0.2929355410943375 0.028208685940232972 0.269067446764385 -0.0021698979621260603 -0.2408591338019777 0.28642583477536515
0.28472061569755347 0.02714683605437973 0.26120050406007955 -0.0021095890277334287 -0.23405540554824134 0.2785649524725242
0.27260136904491805 0.025035170783522798 0.24888416691884352 -0.002021461002678082 -0.22385839282415 0.26731668435715505
0.26203919308859003 0.023365740514249826 0.23769715946377437 -0.0019445192223696208 -0.21437290187637395 0.25732942736453424
0.2486936341269797 0.02207482313124454 0.22294869427103686 -0.0018472367290870918 -0.2010175124952696 0.24399904543650935
0.23048881406348093 0.02057641972169622 0.2008586010513947 -0.0017139436221125588 -0.18065779586851075 0.22536024517434422
0.20707667191857107 0.018097295185086053 0.1688018423339875 -0.001538955067867802 -0.15150086604450705 0.20133469846091306
0.17936090076428715 0.013996926642273203 0.12557405748224507 -0.0013238551446508042 -0.1130289754201508 0.17306692261396253
0.14905775363436294 0.008014450174914646 0.07158670647992695 -0.0010771500913621392 -0.06593901825380889 0.14237228978870145
0.11828538424768723 0.0003828746106313009 0.008873482019855496 -0.0008146199970487588 -0.012029508255186897 0.1113070459810839
0.08918982761627615 -0.008218944361179927 -0.0591766947578254 -0.0005615510567446442 0.046019618126986746 0.08184933273297725
0.06363229631314299 -0.016856697174473786 -0.12834687154971813 -0.0003294461658434955 0.10498638776490256 0.05570197267373173
0.04294253635331208 -0.024604368644674832 -0.19429673383634796 -0.0001592998505836956 0.16153412949287094 0.03408922751195314
0.02779084212446656 -0.03078384236648382 -0.2531994637492605 -5.028797946272224e-05 0.21261494165552655 0.017735932446227825
0.018141271951073203 -0.03510518418901631 -0.30223128195652244 -5.229940322724898e-06 0.25580050869583404 0.0067592847806086185
0.013493809731657246 -0.037677523264761335 -0.33965628901467565 -1.1900921587058845e-05 0.28934863503855074 0.00086597370367869
0.013608886398817065 -0.03894254272517047 -0.3644605107217155 -5.176056753805609e-05 0.31188931968298944 -6.103575591609451e-06
0.013945735456295504 -0.03851076561725699 -0.37149496813710237 -8.819254686393682e-05 0.3190127347644764 -9.833638232592526e-06
0.012856237213481076 -0.03458936132069467 -0.3411975264054261 -0.00010363853924683794 0.29372928576037166 -1.191695606639344e-05
0.011350056126215884 -0.030741743627731896 -0.3015576103684929 -8.523997296543833e-05 0.25945327243185357 -1.0385665665246804e-05
0.009763725724365449 -0.027535565340073263 -0.261001070487896 -4.482142670781532e-05 0.2236997761715818 -5.925174559884278e-06
0.008422612722713822 -0.024933633318438543 -0.22685580527408192 -8.305375967729283e-06 0.1935033271030549 -1.1956858525508086e-06
0.00718780902912551 -0.021555193629152168 -0.1939967426623695 0.0 0.1652578567332037 0.0
0.006446785346925327 -0.019332971406929945 -0.17399674266236945 0.0 0.14822067822543694 0.0
0.005705761664725145 -0.01711074918470772 -0.15399674266236943 0.0 0.1311834997176702 0.0
0.004964737982524962 -0.014888526962485497 -0.1339967426623694 0.0 0.11414632120990348 0.0
0.004223714300324779 -0.01266630474026327 -0.1139967426623694 0.0 0.09710914270213672 0.0
0.0034826906181245967 -0.010444082518041048 -0.09399674266236938 0.0 0.08007196419436999 0.0
0.002741666935924413 -0.008221860295818822 -0.07399674266236936 0.0 0.06303478568660323 0.0
0.0020006432537242307 -0.005999638073596599 -0.05399674266236937 0.0 0.0459976071788365 0.0
0.0012596195715240486 -0.003777415851374373 -0.03399674266236935 0.0 0.028960428671069738 0.0
0.0005185958893238647 -0.0015551936291521504 -0.013996742662369333 0.0 0.011923250163303006 0.0
0.0 0.0 0.0 0.0 0.0 0.0
0.0 0.0 0.0 0.0 0.0 0.0
-0.0007410236822001638 0.002222222222222224 0.020000000000000004 0.0 -0.017037178507766756 0.0
-0.0014820473644003276 0.004444444444444448 0.04000000000000001 0.0 -0.03407435701553351 0.0
-0.0022230710466004918 0.006666666666666672 0.06000000000000001 0.0 -0.05111153552330027 0.0
-0.0029640947288006553 0.008888888888888896 0.08000000000000002 0.0 -0.06814871403106702 0.0
-0.0037051184110008187 0.011111111111111118 0.1 0.0 -0.08518589253883377 0.0
-0.004446142093200983 0.013333333333333341 0.12 0.0 -0.10222307104660051 0.0
-0.005187165775401146 0.015555555555555566 0.13999999999999999 0.0 -0.11926024955436727 0.0
-0.00592818945760131 0.017777777777777788 0.16 0.0 -0.13629742806213402 0.0
-0.006669213139801473 0.02000000000000001 0.18 0.0 -0.15333460656990078 0.0
-0.007410236822001637 0.022222222222222233 0.19999999999999998 0.0 -0.1703717850776675 0.0
-0.00791003874055285 0.023366090151654972 0.21297800143982304 9.065359989207655e-06 -0.1817054652508654 1.375078326759649e-06
-0.009328988496490886 0.02590987205144002 0.24786079267729022 5.037079198376426e-05 -0.2126607508916023 -6.799583528671604e-05
-0.011422457788463621 0.029060248671862732 0.2899482817873865 0.00010425176226489665 -0.24991912144720843 -0.0008493517135432779
-0.014586478795064476 0.03294783085204118 0.3319596161939931 0.00015448670097849979 -0.2863852399444045 -0.0036584869215916535
-0.019449408885336975 0.037382776709650185 0.3677619536023769 0.00020277393374654873 -0.3163611053872995 -0.010094985564537142
-0.026416217906208826 0.04084361563839175 0.3848542767615145 0.00027150460073409994 -0.32930915982018555 -0.02167564014071919
-0.03552716699700476 0.04035546438847321 0.36434781596923044 0.0004034015552299709 -0.30994361682593846 -0.03954744077532713
-0.04816225760868155 0.038501196063032435 0.3325490224237804 0.0006209099478046363 -0.2809796578883295 -0.06429756377388963
-0.06447810050409954 0.035386852345626336 0.29328604487766535 0.0009384206475430981 -0.24597166114576524 -0.09583437675143361
-0.08412875315671366 0.031160523406267022 0.24903861950518197 0.001355173610657068 -0.20715589719551014 -0.1333503478379772
-0.10633256163025785 0.026256788645452032 0.20287367758565084 0.001853759172097921 -0.16707400005428127 -0.17535037127129877
-0.12991334906990576 0.021282096910837406 0.15801880760536702 0.0024029006665321514 -0.12827212382676717 -0.2197380975790789
-0.15340051394182805 0.01684885385889455 0.11739015175939993 0.0029626401145995867 -0.09300203088197892 -0.2639589643826932
-0.1751843032324587 0.013407907393859792 0.08316462905808575 0.003490269790141052 -0.06296416823575743 -0.30520552106917215
-0.19371715360461988 0.01113093008127979 0.05649197593993622 0.003945617709637524 -0.03913665373804994 -0.3406963739207078
-0.20774864172795374 0.009878378631955889 0.037409638586667314 0.00429543883225365 -0.02171764676499597 -0.3680423883719671
-0.21658178976300826 0.00926339365574679 0.024973399924590446 0.004517845076021233 -0.010183955348264098 -0.3857122313408642
-0.2203434728190293 0.008798029916233808 0.01757412343039724 0.0046083651160612705 -0.0034503951123676705 -0.3936032237487069
-0.2202714295182465 0.00809242380869991 0.01338916526182567 0.004588938660629183 -0.0001083534897383666 -0.39371339357149143
-0.2190314867374086 0.007072948167779752 0.010916327257057813 0.004520335990828013 0.0012743899249656454 -0.3908998173300279
-0.2210825878138454 0.006197451567761797 0.009560233258314446 0.004517831795011972 0.001800947932570905 -0.3937050102796077
-0.23598419771234325 0.006368781294501353 0.009864486195966742 0.004810501171390511 0.0020175478892002986 -0.42000000000000015
-0.2472215404605501 0.0066720565942395135 0.01033422363386992 0.00503957265574244 0.0021136215982098367 -0.44000000000000017
-0.25845888320875693 0.0069753318939776736 0.010803961071773099 0.0052686441400943695 0.0022096953072193747 -0.4600000000000002
-0.26969622595696374 0.007278607193715834 0.011273698509676277 0.0054977156244463 0.002305769016228913 -0.4800000000000002
-0.28093356870517056 0.007581882493453994 0.011743435947579456 0.005726787108798229 0.002401842725238451 -0.5000000000000002
-0.2921709114533774 0.007885157793192153 0.012213173385482634 0.005955858593150158 0.0024979164342479893 -0.5200000000000002
-0.30340825420158424 0.008188433092930313 0.012682910823385813 0.006184930077502087 0.0025939901432575274 -0.5400000000000003
-0.3057188278067288 0.00825079124274995 0.012779496195006741 0.0062320307611151505 0.002613744401996427 -0.5441123131276091
-0.29448148505852195 0.00794751594301179 0.012309758757103563 0.006002959276763221 0.002517670692986889 -0.5241123131276091
-0.28324414231031514 0.007644240643273631 0.011840021319200384 0.005773887792411292 0.002421596983977351 -0.5041123131276091
-0.2720067995621083 0.0073409653435354705 0.011370283881297205 0.005544816308059363 0.0023255232749678128 -0.48411231312760905
-0.26076945681390146 0.0070376900437973105 0.010900546443394027 0.005315744823707434 0.0022294495659582747 -0.46411231312760903
-0.24953211406569464 0.00673441474405915 0.010430809005490848 0.0050866733393555045 0.0021333758569487367 -0.444112313127609
-0.23829477131748783 0.006431139444320991 0.00996107156758767 0.004857601855003575 0.0020373021479391986 -0.424112313127609
-0.227057428569281 0.006127864144582831 0.009491334129684491 0.004628530370651646 0.0019412284389296603 -0.404112313127609
-0.2235740527900565 0.0057852753632511855 0.009003396602538238 0.004550087288396924 0.0020133239415653925 -0.39776370927616655
-0.2222764639499486 0.0047671322466597 0.007597210025283019 0.004494428002458691 0.0024037912865604305 -0.3948349248107963
-0.22429388419218368 0.0039013211043564797 0.00641348210817849 0.00450871669365858 0.00280066054122896 -0.39778998882381333
-0.22470256381176285 0.003616155742415251 0.006019933248770927 0.004508877394813743 0.0029303252608037242 -0.39823444375256545
-0.22066392904304793 0.0039239366813223495 0.006421780093024411 0.00443925432249612 0.002729477283747173 -0.39122974042443703
-0.2109745286400553 0.0045846354087522535 0.007284576205681675 0.0042690037744563345 0.0022704810171170187 -0.37455406205306596
-0.1956522157707608 0.005267324764113014 0.008153842018807646 0.0039887485133040974 0.0016881875017582542 -0.3480426086392297
-0.17746463882048816 0.006365114157375619 0.007132128178559684 0.003679572313100115 0.003298004353680107 -0.3100333307784953
-0.1598594933324682 0.0086865072869477 0.002494678599820333 0.003444408203082265 0.00966643812812862 -0.25949421365661923
-0.14378651008473578 0.012207396891585901 -0.0051381710144760015 0.0032913162094297213 0.020191035501984093 -0.20017257393899707
-0.13087444944632975 0.01708984416797897 -0.015601745543540865 0.0032561546135240586 0.03490474909503047 -0.13496361199804785
-0.12224350062779904 0.0233266092226975 -0.02839665762872205 0.0033592208239148985 0.05333267355314149 -0.06716172440195076
-0.11838606821853881 0.030725457077631607 -0.04273852657235896 0.003601787491962443 0.0745260022161686 -0.0001887495416841299
-0.11912751501906198 0.03892534124425533 -0.05763689226808041 0.003965303735530061 0.09715646029220716 0.06267025861407158
-0.12368461187674196 0.047429420538494485 -0.07202431992154416 0.004413467972904307 0.11967603964651452 0.11854176399293415
-0.13083044754564666 0.055648952409453285 -0.08493823452899278 0.004897625470037751 0.14053927664332766 0.16525820150564904
-0.1391579155623467 0.0629702500423795 -0.09572880703584188 0.005365573957432613 0.15847512101618597 0.2016633793729526
-0.1474193244819013 0.06887317116979329 -0.1042429283376213 0.005773844319225929 0.1727892162695801 0.22790525878327336
-0.1549160362292403 0.07313373156066293 -0.11093163743061589 0.006103249413917099 0.1836784371704561 0.2456887107036435
-0.16192131342471092 0.07613226710028946 -0.11684931407040179 0.006377420451039427 0.19254801997326637 0.2584707237337456
-0.17013380724563584 0.07927247605170155 -0.12354002455119406 0.00668421353013202 0.20233125585874517 0.27159558100377046
-0.18796323047543886 0.08735580751315966 -0.13670399052927537 0.0073792588312393 0.2235207277800876 0.30000000000000004
-0.2004941125071348 0.09317952801403698 -0.14581758989789373 0.007871209419988586 0.23842210963209345 0.32000000000000006
-0.21302499453883073 0.0990032485149143 -0.1549311892665121 0.008363160008737875 0.25332349148409933 0.3400000000000001
-0.22555587657052667 0.10482696901579161 -0.16404478863513047 0.008855110597487162 0.2682248733361052 0.3600000000000001
-0.2380867586022226 0.11065068951666893 -0.17315838800374883 0.009347061186236448 0.283126255188111 0.3800000000000001
-0.2506176406339185 0.11647441001754623 -0.18227198737236716 0.009839011774985734 0.2980276370401168 0.40000000000000013
-0.26314852266561445 0.12229813051842355 -0.19138558674098555 0.01033096236373502 0.31292901889212266 0.42000000000000015
-0.2756794046973104 0.12812185101930085 -0.2004991861096039 0.010822912952484307 0.3278304007441285 0.44000000000000017
-0.2882102867290063 0.13394557152017816 -0.20961278547822226 0.011314863541233596 0.34273178259613435 0.4600000000000002
-0.3007411687607022 0.13976929202105548 -0.21872638484684062 0.011806814129982883 0.35763316444814025 0.4800000000000002
-0.31327205079239817 0.1455930125219328 -0.227839984215459 0.01229876471873217 0.3725345463001461 0.5000000000000002
-0.3258029328240941 0.1514167330228101 -0.23695358358407737 0.012790715307481456 0.38743592815215194 0.5200000000000002
-0.32924826385069994 0.15301794871386848 -0.23945934228401033 0.012925975748261898 0.3915330214855785 0.5254989441571492
-0.316717381819004 0.14719422821299116 -0.23034574291539198 0.012434025159512611 0.37663163963357266 0.5054989441571491
-0.30418649978730805 0.14137050771211385 -0.22123214354677362 0.011942074570763324 0.3617302577815668 0.4854989441571491
-0.2916556177556121 0.13554678721123653 -0.21211854417815526 0.011450123982014037 0.34682887592956096 0.4654989441571491
-0.2791247357239162 0.12972306671035921 -0.2030049448095369 0.010958173393264749 0.3319274940775551 0.4454989441571491
-0.2665938536922203 0.1238993462094819 -0.19389134544091852 0.010466222804515462 0.3170261122255493 0.42549894415714906
-0.25406297166052433 0.11807562570860458 -0.18477774607230016 0.009974272215766175 0.3021247303735434 0.40549894415714904
-0.24153208962882838 0.11225190520772726 -0.1756641467036818 0.009482321627016888 0.2872233485215375 0.385498944157149
-0.22900120759713247 0.10642818470684995 -0.16655054733506341 0.008990371038267601 0.2723219666695317 0.365498944157149
-0.21647032556543655 0.10060446420597265 -0.15743694796644508 0.008498420449518315 0.25742058481752583 0.345498944157149
-0.2039394435337406 0.09478074370509533 -0.1483233485978267 0.008006469860769028 0.24251920296552001 0.325498944157149
-0.19140856150204466 0.08895702320421801 -0.13920974922920834 0.007514519272019741 0.22761782111351414 0.30549894415714896
-0.18642116274708576 0.08647284223955776 -0.13586021004634574 0.007307391105243581 0.22179425233753935 0.2975486033348673
-0.17954150253725265 0.08273806280013951 -0.13185171029092446 0.0069835328702843105 0.21406350078281067 0.2865951069615935
-0.17383941084650795 0.08010503722591264 -0.12864798948768902 0.00658977084133285 0.20830226571580063 0.2774149974363914
-0.16631915781428533 0.07813907751327288 -0.12404566692735267 0.005781529199292563 0.2019856110255292 0.26503987716592464
-0.1556078688474383 0.07700280338915012 -0.11766389763647969 0.004184828793505625 0.19499729391467718 0.24709806207899204
-0.14152343975151513 0.07728344180764506 -0.11015811011538802 0.0014659043094271394 0.18865308053722202 0.22315163703383137
-0.12470083687984637 0.07978564460756067 -0.10264019574941055 -0.002607553150386494 0.18491148014870065 0.19410796416871273
-0.10626935208427726 0.08531092647630968 -0.09627805931208491 -0.008124898193524606 0.18575807115444157 0.16171256696948524
-0.08757606454829704 0.09445327914599846 -0.0920368791448878 -0.01501838396034624 0.19274650007285682 0.12812719632473438
-0.06995437429325403 0.1074410333120435 -0.0905207481088688 -0.023076079108647934 0.2066791108843125 0.09558943582319127
-0.05453961412002379 0.12404335872379535 -0.09188672132849121 -0.031973990059953994 0.22741734630918423 0.06614320393887313
-0.042135590715051185 0.14354328967463267 -0.09582458070199985 -0.04131532433455645 0.25382239530704653 0.04142728923050237
-0.03283614978881297 0.1621848023965454 -0.09996413889836733 -0.049850903159140536 0.2793037794109696 0.022620310891294772
-0.025226936019634473 0.16638712095222408 -0.09597680358292683 -0.053322377636391624 0.28036944998447816 0.010494030022645276
-0.019869995178548577 0.16260488640968504 -0.0887604644561523 -0.05374813091916072 0.26914741024606537 0.004025273731369513
-0.01667322609302134 0.15216636874407538 -0.0796728154934944 -0.051419155847189715 0.2484761747128459 0.0022853989995752478
-0.014663402495742592 0.13537917065088434 -0.06900603010357104 -0.04640820877536292 0.21907488778489007 0.003091014676637191
-0.012191902462704867 0.11294635209513475 -0.05689762824753205 -0.03908946003663272 0.18205181699218612 0.0031191138863695443
-0.009470810582966628 0.08753068052397961 -0.04446999394089663 -0.03032158453853532 0.1414792669883815 0.002324586551729627
-0.00683763909008927 0.06261904282770397 -0.03283348589502519 -0.02145157536674323 0.10229357416929753 0.0011289429834793186
-0.0046710404539074225 0.04222351294807188 -0.02312444989641891 -0.014177028666947337 0.07002086459603646 0.00019551171138054696
-0.0025096955021322188 0.022587690911300654 -0.012547758523810112 -0.007529215924029865 0.03764615151883441 0.0
-0.001176387633530238 0.010587690911300657 -0.005881601151770388 -0.0035292235634492714 0.01764615151883439 0.0
0.0 0.0 0.0 0.0 0.0 0.0
0.0 0.0 0.0 0.0 0.0 0.0
0.0013333078686019813 -0.012000000000000004 0.006666157372039698 0.003999992360580595 -0.020000000000000004 0.0
0.0026666157372039626 -0.024000000000000007 0.013332314744079397 0.00799998472116119 -0.04000000000000001 0.0
0.003497877453283449 -0.031748677412621884 0.017147399543098185 0.010748384914370315 -0.05239444589752673 -0.00029970664612299913
0.005674465824081487 -0.05235191648612747 0.02708292540533952 0.018021858057140246 -0.08513320743117059 -0.001198748564186225
0.008160505589624997 -0.07830991819112285 0.038251249781273686 0.02730684793756836 -0.12496470143499412 -0.003410044736282812
0.010225836090599351 -0.1057158730423369 0.04906701504211909 0.036540836944369784 -0.1660316433560272 -0.0071367482038064995
0.011098435183684032 -0.13156400355773704 0.057245521062068164 0.04436863748675124 -0.2027097608924256 -0.013571182527858387
0.010086379729280495 -0.15354966855537153 0.060590649623277704 0.049851155249285545 -0.2302265377356059 -0.024142475873047943
0.006665489424881878 -0.1702493320276355 0.057061518711742934 0.05256766417254378 -0.24492330532818413 -0.040326156485934746
0.0005370638972990173 -0.1810921736298954 0.045006395554725305 0.05250897232918142 -0.24446940540983514 -0.06328813154135472
-0.008342840146357002 -0.18619946404946133 0.023460845534026838 0.049921691778976054 -0.22799675269784775 -0.09353611495072302
-0.01998777539126251 -0.1841601136127569 -0.008835486691793905 0.04456195934835119 -0.19264326888477462 -0.13075017545380876
-0.03450982311973047 -0.17065591878395722 -0.05385544335659182 0.0352583242922647 -0.13160012003916355 -0.17364425668849642
-0.04985247959210744 -0.15788929925536066 -0.10137804402810438 0.025992584748587323 -0.06876839237405795 -0.21918933749426137
-0.06502231493804239 -0.1475043544924047 -0.14734795114964325 0.017557728302305384 -0.010111964949373045 -0.2643215722145251
-0.07913734042301235 -0.13937248358111184 -0.18879851987246424 0.01024141083341442 0.04146814329184961 -0.3059096408659205
-0.0913285030499266 -0.1331459603658568 -0.22328163723935182 0.004251393698046429 0.08383284616443547 -0.3410701975333816
-0.10083304868684465 -0.12837266019494742 -0.24915799681067807 -0.00030327951770103807 0.11577541499648171 -0.36757423524120114
-0.10712555279737014 -0.12459949118435942 -0.2658319368378368 -0.0034297007337721172 0.13715398589675953 -0.38427050881994573
-0.11009755872949405 -0.12148796877715656 -0.2739649625158073 -0.005264023873661525 0.14899416720468703 -0.3915271664760294
-0.11029070959665781 -0.1189806423458019 -0.27570949794250715 -0.006075142420522748 0.15355836266994125 -0.39170417762597604
-0.10917877297864077 -0.11756121320567792 -0.27499611950921854 -0.0062520536082663215 0.15436494977526402 -0.38967941541046847
-0.10948933546738916 -0.11864070326413334 -0.2778861757251925 -0.0062684523584942715 0.15613165934386317 -0.3934497567994485
-0.1166668788737262 -0.12666692434666754 -0.29666674245490227 -0.006666684249537315 0.1666671062384329 -0.42000000000000015
-0.12222244453437983 -0.13269868264888982 -0.31079373019085 -0.006984145404277188 0.1746036351069297 -0.44000000000000017
-0.12777801019503346 -0.13873044095111206 -0.3249207179267978 -0.0073016065590170605 0.1825401639754265 -0.4600000000000002
-0.13333357585568711 -0.14476219925333433 -0.3390477056627455 -0.007619067713756933 0.1904766928439233 -0.4800000000000002
-0.13888914151634074 -0.1507939575555566 -0.35317469339869323 -0.007936528868496806 0.19841322171242012 -0.5000000000000002
-0.14444470717699437 -0.15682571585777888 -0.36730168113464096 -0.008253990023236677 0.20634975058091692 -0.5200000000000002
-0.150000272837648 -0.16285747416000115 -0.3814286688705887 -0.00857145117797655 0.21428627944941372 -0.5400000000000003
-0.15555583849830162 -0.1688892324622234 -0.39555565660653647 -0.008888912332716423 0.22222280831791055 -0.5600000000000003
-0.16111140415895525 -0.17492099076444567 -0.4096826443424842 -0.009206373487456294 0.23015933718640735 -0.5800000000000003
-0.1666669698196089 -0.18095274906666795 -0.4238096320784319 -0.009523834642196166 0.23809586605490415 -0.6000000000000003
-0.17222253548026253 -0.18698450736889022 -0.43793661981437965 -0.00984129579693604 0.24603239492340098 -0.6200000000000003
-0.17777810114091616 -0.19301626567111246 -0.4520636075503274 -0.010158756951675911 0.2539689237918978 -0.6400000000000003
-0.1833336668015698 -0.19904802397333474 -0.4661905952862751 -0.010476218106415785 0.2619054526603946 -0.6600000000000004
-0.17955075544870774 -0.19494086219126844 -0.45657120717129923 -0.01026005156646045 0.25650128916151127 -0.6463815439005471
-0.17399518978805412 -0.18890910388904616 -0.4424442194353515 -0.009942590411720579 0.24856476029301444 -0.6263815439005471
-0.1684396241274005 -0.1828773455868239 -0.4283172316994038 -0.009625129256980705 0.24062823142451764 -0.6063815439005471
-0.16288405846674686 -0.17684558728460165 -0.41419024396345605 -0.009307668102240834 0.23269170255602084 -0.5863815439005471
-0.15732849280609323 -0.17081382898237937 -0.4000632562275083 -0.008990206947500962 0.224755173687524 -0.5663815439005471
-0.1517729271454396 -0.1647820706801571 -0.3859362684915606 -0.008672745792761088 0.2168186448190272 -0.546381543900547
-0.14621736148478598 -0.15875031237793485 -0.3718092807556129 -0.008355284638021218 0.20888211595053044 -0.5263815439005471
-0.14066179582413238 -0.1527185540757126 -0.3576822930196652 -0.008037823483281347 0.20094558708203367 -0.5063815439005472
-0.13510623016347878 -0.14668679577349036 -0.3435553052837175 -0.007720362328541477 0.1930090582135369 -0.4863815439005473
-0.12955066450282515 -0.14065503747126815 -0.3294283175477699 -0.007402901173801605 0.18507252934504012 -0.4663815439005473
-0.12399509884217155 -0.1346232791690459 -0.3153013298118222 -0.007085440019061734 0.17713600047654335 -0.4463815439005474
-0.11843953318151794 -0.12859152086682366 -0.3011743420758745 -0.006767978864321863 0.16919947160804658 -0.4263815439005475
-0.11288396752086434 -0.12255976256460141 -0.28704735433992684 -0.006450517709581992 0.1612629427395498 -0.40638154390054754
-0.10732840186021073 -0.11652800426237918 -0.27292036660397917 -0.0061330565548421215 0.15332641387105303 -0.38638154390054763
-0.10177283619955713 -0.11049624596015693 -0.2587933788680315 -0.005815595400102251 0.14538988500255626 -0.3663815439005477
-0.09621727053890351 -0.10446448765793469 -0.24466639113208383 -0.00549813424536238 0.13745335613405948 -0.34638154390054776
-0.0906617048782499 -0.09843272935571246 -0.23053940339613616 -0.005180673090622509 0.1295168272655627 -0.32638154390054785
-0.0851061392175963 -0.09240097105349021 -0.21641241566018848 -0.004863211935882637 0.12158029839706594 -0.3063815439005479
-0.07955057355694269 -0.08636921275126797 -0.2022854279242408 -0.004545750781142766 0.11364376952856917 -0.286381543900548
-0.07399500789628909 -0.08033745444904573 -0.18815844018829314 -0.004228289626402895 0.1057072406600724 -0.266381543900548
-0.06843944223563547 -0.0743056961468235 -0.17403145245234547 -0.0039108284716630245 0.09777071179157562 -0.24638154390054812
-0.06288387657498187 -0.06827393784460126 -0.1599044647163978 -0.0035933673169231536 0.08983418292307885 -0.2263815439005482
-0.057328310914328245 -0.06224217954237901 -0.14577747698045013 -0.0032759061621832827 0.08189765405458208 -0.20638154390054825
-0.051772745253674646 -0.056210421240156766 -0.13165048924450246 -0.002958445007443412 0.07396112518608527 -0.18638154390054834
-0.046217179593021046 -0.05017866293793452 -0.11752350150855478 -0.002640983852703541 0.0660245963175885 -0.16638154390054838
-0.040661613932367446 -0.044146904635712275 -0.10339651377260711 -0.0023235226979636692 0.05808806744909173 -0.14638154390054847
-0.03510604827171382 -0.03811514633349006 -0.08926952603665939 -0.0020060615432237992 0.050151538580594957 -0.12638154390054857
-0.02955048261106022 -0.03208338803126781 -0.07514253830071171 -0.0016886003884839275 0.042215009712098184 -0.10638154390054866
-0.02399491695040662 -0.026051629729045567 -0.06101555056476404 -0.0013711392337440575 0.03427848084360141 -0.08638154390054864
-0.018439351289752992 -0.02001987142682332 -0.04688856282881637 -0.0010536780790041857 0.026341951975104638 -0.06638154390054873
-0.012883785629099392 -0.013988113124601076 -0.0327615750928687 -0.0007362169242643157 0.018405423106607866 -0.04638154390054883
-0.007328219968445793 -0.00795635482237883 -0.01863458735692103 -0.000418755769524444 0.010468894238111093 -0.02638154390054892
-0.001772654307792193 -0.0019245965201566129 -0.004507599620973357 -0.00010129461478457225 0.00253236536961432 -0.006381543900548903
0.0 0.0 0.0 0.0 0.0 0.0
